#1
double tab(3333, 2)
# time T_amb
0.0	-10
300.0	-10
600.0	-10
900.0	-10
1200.0	-10
1500.0	-10
1800.0	-10
2100.0	-10
2400.0	-10
2700.0	-10
3000.0	-10
3300.0	-10
3600.0	-10
3900.0	-10
4200.0	-10
4500.0	-10
4800.0	-10
5100.0	-10
5400.0	-10
5700.0	-10
6000.0	-10
6300.0	-10
6600.0	-10
6900.0	-10
7200.0	-10
7500.0	-10
7800.0	-10
8100.0	-10
8400.0	-10
8700.0	-10
9000.0	-10
9300.0	-10
9600.0	-10
9900.0	-10
10200.0	-10
10500.0	-10
10800.0	-10
11100.0	-10
11400.0	-10
11700.0	-10
12000.0	-10
12300.0	-10
12600.0	-10
12900.0	-10
13200.0	-10
13500.0	-10
13800.0	-10
14100.0	-10
14400.0	-10
14700.0	-10
15000.0	-10
15300.0	-10
15600.0	-10
15900.0	-10
16200.0	-10
16500.0	-10
16800.0	-10
17100.0	-10
17400.0	-10
17700.0	-10
18000.0	-10
18300.0	-10
18600.0	-10
18900.0	-10
19200.0	-10
19500.0	-10
19800.0	-10
20100.0	-10
20400.0	-10
20700.0	-10
21000.0	-10
21300.0	-10
21600.0	-10
21900.0	-10
22200.0	-10
22500.0	-10
22800.0	-10
23100.0	-10
23400.0	-10
23700.0	-10
24000.0	-10
24300.0	-10
24600.0	-10
24900.0	-10
25200.0	-10
25500.0	-10
25800.0	-10
26100.0	-10
26400.0	-10
26700.0	-10
27000.0	-10
27300.0	-10
27600.0	-10
27900.0	-10
28200.0	-10
28500.0	-10
28800.0	-10
29100.0	-10
29400.0	-10
29700.0	-10
30000.0	-10
30300.0	-10
30600.0	-10
30900.0	-10
31200.0	-10
31500.0	-10
31800.0	-10
32100.0	-10
32400.0	-10
32700.0	-10
33000.0	-10
33300.0	-10
33600.0	-10
33900.0	-10
34200.0	-10
34500.0	-10
34800.0	-10
35100.0	-10
35400.0	-10
35700.0	-10
36000.0	-10
36300.0	-10
36600.0	-10
36900.0	-10
37200.0	-10
37500.0	-10
37800.0	-10
38100.0	-10
38400.0	-10
38700.0	-10
39000.0	-10
39300.0	-10
39600.0	-10
39900.0	-10
40200.0	-10
40500.0	-10
40800.0	-10
41100.0	-10
41400.0	-10
41700.0	-10
42000.0	-10
42300.0	-10
42600.0	-10
42900.0	-10
43200.0	-10
43500.0	-10
43800.0	-10
44100.0	-10
44400.0	-10
44700.0	-10
45000.0	-10
45300.0	-10
45600.0	-10
45900.0	-10
46200.0	-10
46500.0	-10
46800.0	-10
47100.0	-10
47400.0	-10
47700.0	-10
48000.0	-10
48300.0	-10
48600.0	-10
48900.0	-10
49200.0	-10
49500.0	-10
49800.0	-10
50100.0	-10
50400.0	-10
50700.0	-10
51000.0	-10
51300.0	-10
51600.0	-10
51900.0	-10
52200.0	-10
52500.0	-10
52800.0	-10
53100.0	-10
53400.0	-10
53700.0	-10
54000.0	-10
54300.0	-10
54600.0	-10
54900.0	-10
55200.0	-10
55500.0	-10
55800.0	-10
56100.0	-10
56400.0	-10
56700.0	-10
57000.0	-10
57300.0	-10
57600.0	-10
57900.0	-10
58200.0	-10
58500.0	-10
58800.0	-10
59100.0	-10
59400.0	-10
59700.0	-10
60000.0	-10
60300.0	-10
60600.0	-10
60900.0	-10
61200.0	-10
61500.0	-10
61800.0	-10
62100.0	-10
62400.0	-10
62700.0	-10
63000.0	-10
63300.0	-10
63600.0	-10
63900.0	-10
64200.0	-10
64500.0	-10
64800.0	-10
65100.0	-10
65400.0	-10
65700.0	-10
66000.0	-10
66300.0	-10
66600.0	-10
66900.0	-10
67200.0	-10
67500.0	-10
67800.0	-10
68100.0	-10
68400.0	-10
68700.0	-10
69000.0	-10
69300.0	-10
69600.0	-10
69900.0	-10
70200.0	-10
70500.0	-10
70800.0	-10
71100.0	-10
71400.0	-10
71700.0	-10
72000.0	-10
72300.0	-10
72600.0	-10
72900.0	-10
73200.0	-10
73500.0	-10
73800.0	-10
74100.0	-10
74400.0	-10
74700.0	-10
75000.0	-10
75300.0	-10
75600.0	-10
75900.0	-10
76200.0	-10
76500.0	-10
76800.0	-10
77100.0	-10
77400.0	-10
77700.0	-10
78000.0	-10
78300.0	-10
78600.0	-10
78900.0	-10
79200.0	-10
79500.0	-10
79800.0	-10
80100.0	-10
80400.0	-10
80700.0	-10
81000.0	-10
81300.0	-10
81600.0	-10
81900.0	-10
82200.0	-10
82500.0	-10
82800.0	-10
83100.0	-10
83400.0	-10
83700.0	-10
84000.0	-10
84300.0	-10
84600.0	-10
84900.0	-10
85200.0	-10
85500.0	-10
85800.0	-10
86100.0	-10
86400.0	-10
86700.0	-10
87000.0	-10
87300.0	-10
87600.0	-10
87900.0	-10
88200.0	-10
88500.0	-10
88800.0	-10
89100.0	-10
89400.0	-10
89700.0	-10
90000.0	-10
90300.0	-10
90600.0	-10
90900.0	-10
91200.0	-10
91500.0	-10
91800.0	-10
92100.0	-10
92400.0	-10
92700.0	-10
93000.0	-10
93300.0	-10
93600.0	-10
93900.0	-10
94200.0	-10
94500.0	-10
94800.0	-10
95100.0	-10
95400.0	-10
95700.0	-10
96000.0	-10
96300.0	-10
96600.0	-10
96900.0	-10
97200.0	-10
97500.0	-10
97800.0	-10
98100.0	-10
98400.0	-10
98700.0	-10
99000.0	-10
99300.0	-10
99600.0	-10
99900.0	-10
100200.0	-10
100500.0	-10
100800.0	-10
101100.0	-10
101400.0	-10
101700.0	-10
102000.0	-10
102300.0	-10
102600.0	-10
102900.0	-10
103200.0	-10
103500.0	-10
103800.0	-10
104100.0	-10
104400.0	-10
104700.0	-10
105000.0	-10
105300.0	-10
105600.0	-10
105900.0	-10
106200.0	-10
106500.0	-10
106800.0	-10
107100.0	-10
107400.0	-10
107700.0	-10
108000.0	-10
108300.0	-10
108600.0	-10
108900.0	-10
109200.0	-10
109500.0	-10
109800.0	-10
110100.0	-10
110400.0	-10
110700.0	-10
111000.0	-10
111300.0	-10
111600.0	-10
111900.0	-10
112200.0	-10
112500.0	-10
112800.0	-10
113100.0	-10
113400.0	-10
113700.0	-10
114000.0	-10
114300.0	-10
114600.0	-10.0
114900.0	-9.9
115200.0	-9.9
115500.0	-9.8
115800.0	-9.8
116100.0	-9.7
116400.0	-9.7
116700.0	-9.6
117000.0	-9.6
117300.0	-9.5
117600.0	-9.5
117900.0	-9.4
118200.0	-9.4
118500.0	-9.3
118800.0	-9.3
119100.0	-9.2
119400.0	-9.2
119700.0	-9.1
120000.0	-9.1
120300.0	-9.0
120600.0	-8.9
120900.0	-8.9
121200.0	-8.8
121500.0	-8.8
121800.0	-8.7
122100.0	-8.7
122400.0	-8.6
122700.0	-8.6
123000.0	-8.5
123300.0	-8.5
123600.0	-8.4
123900.0	-8.4
124200.0	-8.3
124500.0	-8.3
124800.0	-8.2
125100.0	-8.2
125400.0	-8.1
125700.0	-8.1
126000.0	-8.0
126300.0	-7.9
126600.0	-7.9
126900.0	-7.8
127200.0	-7.8
127500.0	-7.7
127800.0	-7.7
128100.0	-7.6
128400.0	-7.6
128700.0	-7.5
129000.0	-7.5
129300.0	-7.4
129600.0	-7.4
129900.0	-7.3
130200.0	-7.3
130500.0	-7.2
130800.0	-7.2
131100.0	-7.1
131400.0	-7.1
131700.0	-7.0
132000.0	-6.9
132300.0	-6.9
132600.0	-6.8
132900.0	-6.8
133200.0	-6.7
133500.0	-6.7
133800.0	-6.6
134100.0	-6.6
134400.0	-6.5
134700.0	-6.5
135000.0	-6.4
135300.0	-6.4
135600.0	-6.3
135900.0	-6.3
136200.0	-6.2
136500.0	-6.2
136800.0	-6.1
137100.0	-6.1
137400.0	-6.0
137700.0	-5.9
138000.0	-5.9
138300.0	-5.8
138600.0	-5.8
138900.0	-5.7
139200.0	-5.7
139500.0	-5.6
139800.0	-5.6
140100.0	-5.5
140400.0	-5.5
140700.0	-5.4
141000.0	-5.4
141300.0	-5.3
141600.0	-5.3
141900.0	-5.2
142200.0	-5.2
142500.0	-5.1
142800.0	-5.1
143100.0	-5.0
143400.0	-5
143700.0	-5
144000.0	-5
144300.0	-5
144600.0	-5
144900.0	-5
145200.0	-5
145500.0	-5
145800.0	-5
146100.0	-5
146400.0	-5
146700.0	-5
147000.0	-5
147300.0	-5
147600.0	-5
147900.0	-5
148200.0	-5
148500.0	-5
148800.0	-5
149100.0	-5
149400.0	-5
149700.0	-5
150000.0	-5
150300.0	-5
150600.0	-5
150900.0	-5
151200.0	-5
151500.0	-5
151800.0	-5
152100.0	-5
152400.0	-5
152700.0	-5
153000.0	-5
153300.0	-5
153600.0	-5
153900.0	-5
154200.0	-5
154500.0	-5
154800.0	-5
155100.0	-5
155400.0	-5
155700.0	-5
156000.0	-5
156300.0	-5
156600.0	-5
156900.0	-5
157200.0	-5
157500.0	-5
157800.0	-5
158100.0	-5
158400.0	-5
158700.0	-5
159000.0	-5
159300.0	-5
159600.0	-5
159900.0	-5
160200.0	-5
160500.0	-5
160800.0	-5
161100.0	-5
161400.0	-5
161700.0	-5
162000.0	-5
162300.0	-5
162600.0	-5
162900.0	-5
163200.0	-5
163500.0	-5
163800.0	-5
164100.0	-5
164400.0	-5
164700.0	-5
165000.0	-5
165300.0	-5
165600.0	-5
165900.0	-5
166200.0	-5
166500.0	-5
166800.0	-5
167100.0	-5
167400.0	-5
167700.0	-5
168000.0	-5
168300.0	-5
168600.0	-5
168900.0	-5
169200.0	-5
169500.0	-5
169800.0	-5
170100.0	-5
170400.0	-5
170700.0	-5
171000.0	-5
171300.0	-5
171600.0	-5
171900.0	-5
172200.0	-5
172500.0	-5
172800.0	-5
173100.0	-5
173400.0	-5
173700.0	-5
174000.0	-5
174300.0	-5
174600.0	-5
174900.0	-5
175200.0	-5
175500.0	-5
175800.0	-5
176100.0	-5
176400.0	-5
176700.0	-5
177000.0	-5
177300.0	-5
177600.0	-5
177900.0	-5
178200.0	-5
178500.0	-5
178800.0	-5
179100.0	-5
179400.0	-5
179700.0	-5
180000.0	-5
180300.0	-5
180600.0	-5
180900.0	-5
181200.0	-5
181500.0	-5
181800.0	-5
182100.0	-5
182400.0	-5
182700.0	-5
183000.0	-5
183300.0	-5
183600.0	-5
183900.0	-5
184200.0	-5
184500.0	-5
184800.0	-5
185100.0	-5
185400.0	-5
185700.0	-5
186000.0	-5
186300.0	-5
186600.0	-5
186900.0	-5
187200.0	-5
187500.0	-5
187800.0	-5
188100.0	-5
188400.0	-5
188700.0	-5
189000.0	-5
189300.0	-5
189600.0	-5
189900.0	-5
190200.0	-5
190500.0	-5
190800.0	-5
191100.0	-5
191400.0	-5
191700.0	-5
192000.0	-5
192300.0	-5
192600.0	-5
192900.0	-5
193200.0	-5
193500.0	-5
193800.0	-5
194100.0	-5
194400.0	-5
194700.0	-5
195000.0	-5
195300.0	-5
195600.0	-5
195900.0	-5
196200.0	-5
196500.0	-5
196800.0	-5
197100.0	-5
197400.0	-5
197700.0	-5
198000.0	-5
198300.0	-5
198600.0	-5
198900.0	-5
199200.0	-5
199500.0	-5
199800.0	-5
200100.0	-5
200400.0	-5
200700.0	-5
201000.0	-5
201300.0	-5
201600.0	-5
201900.0	-5
202200.0	-5
202500.0	-5
202800.0	-5
203100.0	-5
203400.0	-5
203700.0	-5
204000.0	-5
204300.0	-5
204600.0	-5
204900.0	-5
205200.0	-5
205500.0	-5
205800.0	-5
206100.0	-5
206400.0	-5
206700.0	-5
207000.0	-5
207300.0	-5
207600.0	-5
207900.0	-5
208200.0	-5
208500.0	-5
208800.0	-5
209100.0	-5
209400.0	-5
209700.0	-5
210000.0	-5
210300.0	-5
210600.0	-5
210900.0	-5
211200.0	-5
211500.0	-5
211800.0	-5
212100.0	-5
212400.0	-5
212700.0	-5
213000.0	-5
213300.0	-5
213600.0	-5
213900.0	-5
214200.0	-5
214500.0	-5
214800.0	-5
215100.0	-5
215400.0	-5
215700.0	-5
216000.0	-5
216300.0	-5
216600.0	-5
216900.0	-5
217200.0	-5
217500.0	-5
217800.0	-5
218100.0	-5
218400.0	-5
218700.0	-5
219000.0	-5
219300.0	-5
219600.0	-5
219900.0	-5
220200.0	-5
220500.0	-5
220800.0	-5
221100.0	-5
221400.0	-5
221700.0	-5
222000.0	-5
222300.0	-5
222600.0	-5
222900.0	-5
223200.0	-5
223500.0	-5
223800.0	-5
224100.0	-5
224400.0	-5
224700.0	-5
225000.0	-5
225300.0	-5
225600.0	-5
225900.0	-5
226200.0	-5
226500.0	-5
226800.0	-5
227100.0	-5
227400.0	-5
227700.0	-5
228000.0	-5
228300.0	-5
228600.0	-5
228900.0	-5
229200.0	-5
229500.0	-5
229800.0	-5
230100.0	-5
230400.0	-5
230700.0	-5
231000.0	-5
231300.0	-5
231600.0	-5
231900.0	-5
232200.0	-5
232500.0	-5
232800.0	-5
233100.0	-5
233400.0	-5
233700.0	-5
234000.0	-5
234300.0	-5
234600.0	-5
234900.0	-5
235200.0	-5
235500.0	-5
235800.0	-5
236100.0	-5
236400.0	-5
236700.0	-5
237000.0	-5
237300.0	-5
237600.0	-5
237900.0	-5
238200.0	-5
238500.0	-5
238800.0	-5
239100.0	-5
239400.0	-5
239700.0	-5
240000.0	-5
240300.0	-5
240600.0	-5
240900.0	-5
241200.0	-5
241500.0	-5
241800.0	-5
242100.0	-5
242400.0	-5
242700.0	-5
243000.0	-5
243300.0	-5
243600.0	-5
243900.0	-5
244200.0	-5
244500.0	-5
244800.0	-5
245100.0	-5
245400.0	-5
245700.0	-5
246000.0	-5
246300.0	-5
246600.0	-5
246900.0	-5
247200.0	-5
247500.0	-5
247800.0	-5
248100.0	-5
248400.0	-5
248700.0	-5
249000.0	-5
249300.0	-5
249600.0	-5
249900.0	-5
250200.0	-5
250500.0	-5
250800.0	-5
251100.0	-5
251400.0	-5
251700.0	-5
252000.0	-5
252300.0	-5
252600.0	-5
252900.0	-5
253200.0	-5
253500.0	-5
253800.0	-5
254100.0	-5
254400.0	-5
254700.0	-5
255000.0	-5
255300.0	-5
255600.0	-5
255900.0	-5
256200.0	-5
256500.0	-5
256800.0	-5
257100.0	-5
257400.0	-5.0
257700.0	-4.9
258000.0	-4.9
258300.0	-4.8
258600.0	-4.8
258900.0	-4.7
259200.0	-4.7
259500.0	-4.6
259800.0	-4.6
260100.0	-4.5
260400.0	-4.5
260700.0	-4.4
261000.0	-4.4
261300.0	-4.3
261600.0	-4.3
261900.0	-4.2
262200.0	-4.2
262500.0	-4.1
262800.0	-4.1
263100.0	-4.0
263400.0	-3.9
263700.0	-3.9
264000.0	-3.8
264300.0	-3.8
264600.0	-3.7
264900.0	-3.7
265200.0	-3.6
265500.0	-3.6
265800.0	-3.5
266100.0	-3.5
266400.0	-3.4
266700.0	-3.4
267000.0	-3.3
267300.0	-3.3
267600.0	-3.2
267900.0	-3.2
268200.0	-3.1
268500.0	-3.1
268800.0	-3.0
269100.0	-2.9
269400.0	-2.9
269700.0	-2.8
270000.0	-2.8
270300.0	-2.7
270600.0	-2.7
270900.0	-2.6
271200.0	-2.6
271500.0	-2.5
271800.0	-2.5
272100.0	-2.4
272400.0	-2.4
272700.0	-2.3
273000.0	-2.3
273300.0	-2.2
273600.0	-2.2
273900.0	-2.1
274200.0	-2.1
274500.0	-2.0
274800.0	-1.9
275100.0	-1.9
275400.0	-1.8
275700.0	-1.8
276000.0	-1.7
276300.0	-1.7
276600.0	-1.6
276900.0	-1.6
277200.0	-1.5
277500.0	-1.5
277800.0	-1.4
278100.0	-1.4
278400.0	-1.3
278700.0	-1.3
279000.0	-1.2
279300.0	-1.2
279600.0	-1.1
279900.0	-1.1
280200.0	-1.0
280500.0	-0.9
280800.0	-0.9
281100.0	-0.8
281400.0	-0.8
281700.0	-0.7
282000.0	-0.7
282300.0	-0.6
282600.0	-0.6
282900.0	-0.5
283200.0	-0.5
283500.0	-0.4
283800.0	-0.4
284100.0	-0.3
284400.0	-0.3
284700.0	-0.2
285000.0	-0.2
285300.0	-0.1
285600.0	-0.1
285900.0	0.0
286200.0	0
286500.0	0
286800.0	0
287100.0	0
287400.0	0
287700.0	0
288000.0	0
288300.0	0
288600.0	0
288900.0	0
289200.0	0
289500.0	0
289800.0	0
290100.0	0
290400.0	0
290700.0	0
291000.0	0
291300.0	0
291600.0	0
291900.0	0
292200.0	0
292500.0	0
292800.0	0
293100.0	0
293400.0	0
293700.0	0
294000.0	0
294300.0	0
294600.0	0
294900.0	0
295200.0	0
295500.0	0
295800.0	0
296100.0	0
296400.0	0
296700.0	0
297000.0	0
297300.0	0
297600.0	0
297900.0	0
298200.0	0
298500.0	0
298800.0	0
299100.0	0
299400.0	0
299700.0	0
300000.0	0
300300.0	0
300600.0	0
300900.0	0
301200.0	0
301500.0	0
301800.0	0
302100.0	0
302400.0	0
302700.0	0
303000.0	0
303300.0	0
303600.0	0
303900.0	0
304200.0	0
304500.0	0
304800.0	0
305100.0	0
305400.0	0
305700.0	0
306000.0	0
306300.0	0
306600.0	0
306900.0	0
307200.0	0
307500.0	0
307800.0	0
308100.0	0
308400.0	0
308700.0	0
309000.0	0
309300.0	0
309600.0	0
309900.0	0
310200.0	0
310500.0	0
310800.0	0
311100.0	0
311400.0	0
311700.0	0
312000.0	0
312300.0	0
312600.0	0
312900.0	0
313200.0	0
313500.0	0
313800.0	0
314100.0	0
314400.0	0
314700.0	0
315000.0	0
315300.0	0
315600.0	0
315900.0	0
316200.0	0
316500.0	0
316800.0	0
317100.0	0
317400.0	0
317700.0	0
318000.0	0
318300.0	0
318600.0	0
318900.0	0
319200.0	0
319500.0	0
319800.0	0
320100.0	0
320400.0	0
320700.0	0
321000.0	0
321300.0	0
321600.0	0
321900.0	0
322200.0	0
322500.0	0
322800.0	0
323100.0	0
323400.0	0
323700.0	0
324000.0	0
324300.0	0
324600.0	0
324900.0	0
325200.0	0
325500.0	0
325800.0	0
326100.0	0
326400.0	0
326700.0	0
327000.0	0
327300.0	0
327600.0	0
327900.0	0
328200.0	0
328500.0	0
328800.0	0
329100.0	0
329400.0	0
329700.0	0
330000.0	0
330300.0	0
330600.0	0
330900.0	0
331200.0	0
331500.0	0
331800.0	0
332100.0	0
332400.0	0
332700.0	0
333000.0	0
333300.0	0
333600.0	0
333900.0	0
334200.0	0
334500.0	0
334800.0	0
335100.0	0
335400.0	0
335700.0	0
336000.0	0
336300.0	0
336600.0	0
336900.0	0
337200.0	0
337500.0	0
337800.0	0
338100.0	0
338400.0	0
338700.0	0
339000.0	0
339300.0	0
339600.0	0
339900.0	0
340200.0	0
340500.0	0
340800.0	0
341100.0	0
341400.0	0
341700.0	0
342000.0	0
342300.0	0
342600.0	0
342900.0	0
343200.0	0
343500.0	0
343800.0	0
344100.0	0
344400.0	0
344700.0	0
345000.0	0
345300.0	0
345600.0	0
345900.0	0
346200.0	0
346500.0	0
346800.0	0
347100.0	0
347400.0	0
347700.0	0
348000.0	0
348300.0	0
348600.0	0
348900.0	0
349200.0	0
349500.0	0
349800.0	0
350100.0	0
350400.0	0
350700.0	0
351000.0	0
351300.0	0
351600.0	0
351900.0	0
352200.0	0
352500.0	0
352800.0	0
353100.0	0
353400.0	0
353700.0	0
354000.0	0
354300.0	0
354600.0	0
354900.0	0
355200.0	0
355500.0	0
355800.0	0
356100.0	0
356400.0	0
356700.0	0
357000.0	0
357300.0	0
357600.0	0
357900.0	0
358200.0	0
358500.0	0
358800.0	0
359100.0	0
359400.0	0
359700.0	0
360000.0	0
360300.0	0
360600.0	0
360900.0	0
361200.0	0
361500.0	0
361800.0	0
362100.0	0
362400.0	0
362700.0	0
363000.0	0
363300.0	0
363600.0	0
363900.0	0
364200.0	0
364500.0	0
364800.0	0
365100.0	0
365400.0	0
365700.0	0
366000.0	0
366300.0	0
366600.0	0
366900.0	0
367200.0	0
367500.0	0
367800.0	0
368100.0	0
368400.0	0
368700.0	0
369000.0	0
369300.0	0
369600.0	0
369900.0	0
370200.0	0
370500.0	0
370800.0	0
371100.0	0
371400.0	0
371700.0	0
372000.0	0
372300.0	0
372600.0	0
372900.0	0
373200.0	0
373500.0	0
373800.0	0
374100.0	0
374400.0	0
374700.0	0
375000.0	0
375300.0	0
375600.0	0
375900.0	0
376200.0	0
376500.0	0
376800.0	0
377100.0	0
377400.0	0
377700.0	0
378000.0	0
378300.0	0
378600.0	0
378900.0	0
379200.0	0
379500.0	0
379800.0	0
380100.0	0
380400.0	0
380700.0	0
381000.0	0
381300.0	0
381600.0	0
381900.0	0
382200.0	0
382500.0	0
382800.0	0
383100.0	0
383400.0	0
383700.0	0
384000.0	0
384300.0	0
384600.0	0
384900.0	0
385200.0	0
385500.0	0
385800.0	0
386100.0	0
386400.0	0
386700.0	0
387000.0	0
387300.0	0
387600.0	0
387900.0	0
388200.0	0
388500.0	0
388800.0	0
389100.0	0
389400.0	0
389700.0	0
390000.0	0
390300.0	0
390600.0	0
390900.0	0
391200.0	0
391500.0	0
391800.0	0
392100.0	0
392400.0	0
392700.0	0
393000.0	0
393300.0	0
393600.0	0
393900.0	0
394200.0	0
394500.0	0
394800.0	0
395100.0	0
395400.0	0
395700.0	0
396000.0	0
396300.0	0
396600.0	0
396900.0	0
397200.0	0
397500.0	0
397800.0	0
398100.0	0
398400.0	0
398700.0	0
399000.0	0
399300.0	0
399600.0	0
399900.0	0
400200.0	0.0
400500.0	0.1
400800.0	0.3
401100.0	0.4
401400.0	0.5
401700.0	0.6
402000.0	0.8
402300.0	0.9
402600.0	1.0
402900.0	1.1
403200.0	1.3
403500.0	1.4
403800.0	1.5
404100.0	1.6
404400.0	1.8
404700.0	1.9
405000.0	2.0
405300.0	2.1
405600.0	2.3
405900.0	2.4
406200.0	2.5
406500.0	2.7
406800.0	2.8
407100.0	2.9
407400.0	3.0
407700.0	3.2
408000.0	3.3
408300.0	3.4
408600.0	3.5
408900.0	3.7
409200.0	3.8
409500.0	3.9
409800.0	4.0
410100.0	4.2
410400.0	4.3
410700.0	4.4
411000.0	4.5
411300.0	4.7
411600.0	4.8
411900.0	4.9
412200.0	5.1
412500.0	5.2
412800.0	5.3
413100.0	5.4
413400.0	5.6
413700.0	5.7
414000.0	5.8
414300.0	5.9
414600.0	6.1
414900.0	6.2
415200.0	6.3
415500.0	6.4
415800.0	6.6
416100.0	6.7
416400.0	6.8
416700.0	6.9
417000.0	7.1
417300.0	7.2
417600.0	7.3
417900.0	7.5
418200.0	7.6
418500.0	7.7
418800.0	7.8
419100.0	8.0
419400.0	8.1
419700.0	8.2
420000.0	8.3
420300.0	8.5
420600.0	8.6
420900.0	8.7
421200.0	8.8
421500.0	9.0
421800.0	9.1
422100.0	9.2
422400.0	9.3
422700.0	9.5
423000.0	9.6
423300.0	9.7
423600.0	9.9
423900.0	10.0
424200.0	10.1
424500.0	10.2
424800.0	10.4
425100.0	10.5
425400.0	10.6
425700.0	10.7
426000.0	10.9
426300.0	11.0
426600.0	11.1
426900.0	11.2
427200.0	11.4
427500.0	11.5
427800.0	11.6
428100.0	11.7
428400.0	11.9
428700.0	12.0
429000.0	12
429300.0	12
429600.0	12
429900.0	12
430200.0	12
430500.0	12
430800.0	12
431100.0	12
431400.0	12
431700.0	12
432000.0	12
432300.0	12
432600.0	12
432900.0	12
433200.0	12
433500.0	12
433800.0	12
434100.0	12
434400.0	12
434700.0	12
435000.0	12
435300.0	12
435600.0	12
435900.0	12
436200.0	12
436500.0	12
436800.0	12
437100.0	12
437400.0	12
437700.0	12
438000.0	12
438300.0	12
438600.0	12
438900.0	12
439200.0	12
439500.0	12
439800.0	12
440100.0	12
440400.0	12
440700.0	12
441000.0	12
441300.0	12
441600.0	12
441900.0	12
442200.0	12
442500.0	12
442800.0	12
443100.0	12
443400.0	12
443700.0	12
444000.0	12
444300.0	12
444600.0	12
444900.0	12
445200.0	12
445500.0	12
445800.0	12
446100.0	12
446400.0	12
446700.0	12
447000.0	12
447300.0	12
447600.0	12
447900.0	12
448200.0	12
448500.0	12
448800.0	12
449100.0	12
449400.0	12
449700.0	12
450000.0	12
450300.0	12
450600.0	12
450900.0	12
451200.0	12
451500.0	12
451800.0	12
452100.0	12
452400.0	12
452700.0	12
453000.0	12
453300.0	12
453600.0	12
453900.0	12
454200.0	12
454500.0	12
454800.0	12
455100.0	12
455400.0	12
455700.0	12
456000.0	12
456300.0	12
456600.0	12
456900.0	12
457200.0	12
457500.0	12
457800.0	12
458100.0	12
458400.0	12
458700.0	12
459000.0	12
459300.0	12
459600.0	12
459900.0	12
460200.0	12
460500.0	12
460800.0	12
461100.0	12
461400.0	12
461700.0	12
462000.0	12
462300.0	12
462600.0	12
462900.0	12
463200.0	12
463500.0	12
463800.0	12
464100.0	12
464400.0	12
464700.0	12
465000.0	12
465300.0	12
465600.0	12
465900.0	12
466200.0	12
466500.0	12
466800.0	12
467100.0	12
467400.0	12
467700.0	12
468000.0	12
468300.0	12
468600.0	12
468900.0	12
469200.0	12
469500.0	12
469800.0	12
470100.0	12
470400.0	12
470700.0	12
471000.0	12
471300.0	12
471600.0	12
471900.0	12
472200.0	12
472500.0	12
472800.0	12
473100.0	12
473400.0	12
473700.0	12
474000.0	12
474300.0	12
474600.0	12
474900.0	12
475200.0	12
475500.0	12
475800.0	12
476100.0	12
476400.0	12
476700.0	12
477000.0	12
477300.0	12
477600.0	12
477900.0	12
478200.0	12
478500.0	12
478800.0	12
479100.0	12
479400.0	12
479700.0	12
480000.0	12
480300.0	12
480600.0	12
480900.0	12
481200.0	12
481500.0	12
481800.0	12
482100.0	12
482400.0	12
482700.0	12
483000.0	12
483300.0	12
483600.0	12
483900.0	12
484200.0	12
484500.0	12
484800.0	12
485100.0	12
485400.0	12
485700.0	12
486000.0	12
486300.0	12
486600.0	12
486900.0	12
487200.0	12
487500.0	12
487800.0	12
488100.0	12
488400.0	12
488700.0	12
489000.0	12
489300.0	12
489600.0	12
489900.0	12
490200.0	12
490500.0	12
490800.0	12
491100.0	12
491400.0	12
491700.0	12
492000.0	12
492300.0	12
492600.0	12
492900.0	12
493200.0	12
493500.0	12
493800.0	12
494100.0	12
494400.0	12
494700.0	12
495000.0	12
495300.0	12
495600.0	12
495900.0	12
496200.0	12
496500.0	12
496800.0	12
497100.0	12
497400.0	12
497700.0	12
498000.0	12
498300.0	12
498600.0	12
498900.0	12
499200.0	12
499500.0	12
499800.0	12
500100.0	12
500400.0	12
500700.0	12
501000.0	12
501300.0	12
501600.0	12
501900.0	12
502200.0	12
502500.0	12
502800.0	12
503100.0	12
503400.0	12
503700.0	12
504000.0	12
504300.0	12
504600.0	12
504900.0	12
505200.0	12
505500.0	12
505800.0	12
506100.0	12
506400.0	12
506700.0	12
507000.0	12
507300.0	12
507600.0	12
507900.0	12
508200.0	12
508500.0	12
508800.0	12
509100.0	12
509400.0	12
509700.0	12
510000.0	12
510300.0	12
510600.0	12
510900.0	12
511200.0	12
511500.0	12
511800.0	12
512100.0	12
512400.0	12
512700.0	12
513000.0	12
513300.0	12
513600.0	12
513900.0	12
514200.0	12
514500.0	12
514800.0	12
515100.0	12
515400.0	12
515700.0	12
516000.0	12
516300.0	12
516600.0	12
516900.0	12
517200.0	12
517500.0	12
517800.0	12
518100.0	12
518400.0	12
518700.0	12
519000.0	12
519300.0	12
519600.0	12
519900.0	12
520200.0	12
520500.0	12
520800.0	12
521100.0	12
521400.0	12
521700.0	12
522000.0	12
522300.0	12
522600.0	12
522900.0	12
523200.0	12
523500.0	12
523800.0	12
524100.0	12
524400.0	12
524700.0	12
525000.0	12
525300.0	12
525600.0	12
525900.0	12
526200.0	12
526500.0	12
526800.0	12
527100.0	12
527400.0	12
527700.0	12
528000.0	12
528300.0	12
528600.0	12
528900.0	12
529200.0	12
529500.0	12
529800.0	12
530100.0	12
530400.0	12
530700.0	12
531000.0	12
531300.0	12
531600.0	12
531900.0	12
532200.0	12
532500.0	12
532800.0	12
533100.0	12
533400.0	12
533700.0	12
534000.0	12
534300.0	12
534600.0	12
534900.0	12
535200.0	12
535500.0	12
535800.0	12
536100.0	12
536400.0	12
536700.0	12
537000.0	12
537300.0	12
537600.0	12
537900.0	12
538200.0	12
538500.0	12
538800.0	12
539100.0	12
539400.0	12
539700.0	12
540000.0	12
540300.0	12
540600.0	12
540900.0	12
541200.0	12
541500.0	12
541800.0	12
542100.0	12
542400.0	12
542700.0	12
543000.0	12.0
543300.0	12.1
543600.0	12.2
543900.0	12.3
544200.0	12.3
544500.0	12.4
544800.0	12.5
545100.0	12.6
545400.0	12.7
545700.0	12.8
546000.0	12.8
546300.0	12.9
546600.0	13.0
546900.0	13.1
547200.0	13.2
547500.0	13.3
547800.0	13.3
548100.0	13.4
548400.0	13.5
548700.0	13.6
549000.0	13.7
549300.0	13.8
549600.0	13.9
549900.0	13.9
550200.0	14.0
550500.0	14.1
550800.0	14.2
551100.0	14.3
551400.0	14.4
551700.0	14.4
552000.0	14.5
552300.0	14.6
552600.0	14.7
552900.0	14.8
553200.0	14.9
553500.0	14.9
553800.0	15.0
554100.0	15.1
554400.0	15.2
554700.0	15.3
555000.0	15.4
555300.0	15.5
555600.0	15.5
555900.0	15.6
556200.0	15.7
556500.0	15.8
556800.0	15.9
557100.0	16.0
557400.0	16.0
557700.0	16.1
558000.0	16.2
558300.0	16.3
558600.0	16.4
558900.0	16.5
559200.0	16.5
559500.0	16.6
559800.0	16.7
560100.0	16.8
560400.0	16.9
560700.0	17.0
561000.0	17.1
561300.0	17.1
561600.0	17.2
561900.0	17.3
562200.0	17.4
562500.0	17.5
562800.0	17.6
563100.0	17.6
563400.0	17.7
563700.0	17.8
564000.0	17.9
564300.0	18.0
564600.0	18.1
564900.0	18.1
565200.0	18.2
565500.0	18.3
565800.0	18.4
566100.0	18.5
566400.0	18.6
566700.0	18.7
567000.0	18.7
567300.0	18.8
567600.0	18.9
567900.0	19.0
568200.0	19.1
568500.0	19.2
568800.0	19.2
569100.0	19.3
569400.0	19.4
569700.0	19.5
570000.0	19.6
570300.0	19.7
570600.0	19.7
570900.0	19.8
571200.0	19.9
571500.0	20.0
571800.0	20
572100.0	20
572400.0	20
572700.0	20
573000.0	20
573300.0	20
573600.0	20
573900.0	20
574200.0	20
574500.0	20
574800.0	20
575100.0	20
575400.0	20
575700.0	20
576000.0	20
576300.0	20
576600.0	20
576900.0	20
577200.0	20
577500.0	20
577800.0	20
578100.0	20
578400.0	20
578700.0	20
579000.0	20
579300.0	20
579600.0	20
579900.0	20
580200.0	20
580500.0	20
580800.0	20
581100.0	20
581400.0	20
581700.0	20
582000.0	20
582300.0	20
582600.0	20
582900.0	20
583200.0	20
583500.0	20
583800.0	20
584100.0	20
584400.0	20
584700.0	20
585000.0	20
585300.0	20
585600.0	20
585900.0	20
586200.0	20
586500.0	20
586800.0	20
587100.0	20
587400.0	20
587700.0	20
588000.0	20
588300.0	20
588600.0	20
588900.0	20
589200.0	20
589500.0	20
589800.0	20
590100.0	20
590400.0	20
590700.0	20
591000.0	20
591300.0	20
591600.0	20
591900.0	20
592200.0	20
592500.0	20
592800.0	20
593100.0	20
593400.0	20
593700.0	20
594000.0	20
594300.0	20
594600.0	20
594900.0	20
595200.0	20
595500.0	20
595800.0	20
596100.0	20
596400.0	20
596700.0	20
597000.0	20
597300.0	20
597600.0	20
597900.0	20
598200.0	20
598500.0	20
598800.0	20
599100.0	20
599400.0	20
599700.0	20
600000.0	20
600300.0	20
600600.0	20
600900.0	20
601200.0	20
601500.0	20
601800.0	20
602100.0	20
602400.0	20
602700.0	20
603000.0	20
603300.0	20
603600.0	20
603900.0	20
604200.0	20
604500.0	20
604800.0	20
605100.0	20
605400.0	20
605700.0	20
606000.0	20
606300.0	20
606600.0	20
606900.0	20
607200.0	20
607500.0	20
607800.0	20
608100.0	20
608400.0	20
608700.0	20
609000.0	20
609300.0	20
609600.0	20
609900.0	20
610200.0	20
610500.0	20
610800.0	20
611100.0	20
611400.0	20
611700.0	20
612000.0	20
612300.0	20
612600.0	20
612900.0	20
613200.0	20
613500.0	20
613800.0	20
614100.0	20
614400.0	20
614700.0	20
615000.0	20
615300.0	20
615600.0	20
615900.0	20
616200.0	20
616500.0	20
616800.0	20
617100.0	20
617400.0	20
617700.0	20
618000.0	20
618300.0	20
618600.0	20
618900.0	20
619200.0	20
619500.0	20
619800.0	20
620100.0	20
620400.0	20
620700.0	20
621000.0	20
621300.0	20
621600.0	20
621900.0	20
622200.0	20
622500.0	20
622800.0	20
623100.0	20
623400.0	20
623700.0	20
624000.0	20
624300.0	20
624600.0	20
624900.0	20
625200.0	20
625500.0	20
625800.0	20
626100.0	20
626400.0	20
626700.0	20
627000.0	20
627300.0	20
627600.0	20
627900.0	20
628200.0	20
628500.0	20
628800.0	20
629100.0	20
629400.0	20
629700.0	20
630000.0	20
630300.0	20
630600.0	20
630900.0	20
631200.0	20
631500.0	20
631800.0	20
632100.0	20
632400.0	20
632700.0	20
633000.0	20
633300.0	20
633600.0	20
633900.0	20
634200.0	20
634500.0	20
634800.0	20
635100.0	20
635400.0	20
635700.0	20
636000.0	20
636300.0	20
636600.0	20
636900.0	20
637200.0	20
637500.0	20
637800.0	20
638100.0	20
638400.0	20
638700.0	20
639000.0	20
639300.0	20
639600.0	20
639900.0	20
640200.0	20
640500.0	20
640800.0	20
641100.0	20
641400.0	20
641700.0	20
642000.0	20
642300.0	20
642600.0	20
642900.0	20
643200.0	20
643500.0	20
643800.0	20
644100.0	20
644400.0	20
644700.0	20
645000.0	20
645300.0	20
645600.0	20
645900.0	20
646200.0	20
646500.0	20
646800.0	20
647100.0	20
647400.0	20
647700.0	20
648000.0	20
648300.0	20
648600.0	20
648900.0	20
649200.0	20
649500.0	20
649800.0	20
650100.0	20
650400.0	20
650700.0	20
651000.0	20
651300.0	20
651600.0	20
651900.0	20
652200.0	20
652500.0	20
652800.0	20
653100.0	20
653400.0	20
653700.0	20
654000.0	20
654300.0	20
654600.0	20
654900.0	20
655200.0	20
655500.0	20
655800.0	20
656100.0	20
656400.0	20
656700.0	20
657000.0	20
657300.0	20
657600.0	20
657900.0	20
658200.0	20
658500.0	20
658800.0	20
659100.0	20
659400.0	20
659700.0	20
660000.0	20
660300.0	20
660600.0	20
660900.0	20
661200.0	20
661500.0	20
661800.0	20
662100.0	20
662400.0	20
662700.0	20
663000.0	20
663300.0	20
663600.0	20
663900.0	20
664200.0	20
664500.0	20
664800.0	20
665100.0	20
665400.0	20
665700.0	20
666000.0	20
666300.0	20
666600.0	20
666900.0	20
667200.0	20
667500.0	20
667800.0	20
668100.0	20
668400.0	20
668700.0	20
669000.0	20
669300.0	20
669600.0	20
669900.0	20
670200.0	20
670500.0	20
670800.0	20
671100.0	20
671400.0	20
671700.0	20
672000.0	20
672300.0	20
672600.0	20
672900.0	20
673200.0	20
673500.0	20
673800.0	20
674100.0	20
674400.0	20
674700.0	20
675000.0	20
675300.0	20
675600.0	20
675900.0	20
676200.0	20
676500.0	20
676800.0	20
677100.0	20
677400.0	20
677700.0	20
678000.0	20
678300.0	20
678600.0	20
678900.0	20
679200.0	20
679500.0	20
679800.0	20
680100.0	20
680400.0	20
680700.0	20
681000.0	20
681300.0	20
681600.0	20
681900.0	20
682200.0	20
682500.0	20
682800.0	20
683100.0	20
683400.0	20
683700.0	20
684000.0	20
684300.0	20
684600.0	20
684900.0	20
685200.0	20
685500.0	20
685800.0	20.0
686100.0	19.9
686400.0	19.7
686700.0	19.6
687000.0	19.5
687300.0	19.3
687600.0	19.2
687900.0	19.0
688200.0	18.9
688500.0	18.8
688800.0	18.6
689100.0	18.5
689400.0	18.4
689700.0	18.2
690000.0	18.1
690300.0	17.9
690600.0	17.8
690900.0	17.7
691200.0	17.5
691500.0	17.4
691800.0	17.3
692100.0	17.1
692400.0	17.0
692700.0	16.9
693000.0	16.7
693300.0	16.6
693600.0	16.4
693900.0	16.3
694200.0	16.2
694500.0	16.0
694800.0	15.9
695100.0	15.8
695400.0	15.6
695700.0	15.5
696000.0	15.3
696300.0	15.2
696600.0	15.1
696900.0	14.9
697200.0	14.8
697500.0	14.7
697800.0	14.5
698100.0	14.4
698400.0	14.3
698700.0	14.1
699000.0	14.0
699300.0	13.8
699600.0	13.7
699900.0	13.6
700200.0	13.4
700500.0	13.3
700800.0	13.2
701100.0	13.0
701400.0	12.9
701700.0	12.7
702000.0	12.6
702300.0	12.5
702600.0	12.3
702900.0	12.2
703200.0	12.1
703500.0	11.9
703800.0	11.8
704100.0	11.7
704400.0	11.5
704700.0	11.4
705000.0	11.2
705300.0	11.1
705600.0	11.0
705900.0	10.8
706200.0	10.7
706500.0	10.6
706800.0	10.4
707100.0	10.3
707400.0	10.1
707700.0	10.0
708000.0	9.9
708300.0	9.7
708600.0	9.6
708900.0	9.5
709200.0	9.3
709500.0	9.2
709800.0	9.1
710100.0	8.9
710400.0	8.8
710700.0	8.6
711000.0	8.5
711300.0	8.4
711600.0	8.2
711900.0	8.1
712200.0	8.0
712500.0	7.8
712800.0	7.7
713100.0	7.5
713400.0	7.4
713700.0	7.3
714000.0	7.1
714300.0	7.0
714600.0	7
714900.0	7
715200.0	7
715500.0	7
715800.0	7
716100.0	7
716400.0	7
716700.0	7
717000.0	7
717300.0	7
717600.0	7
717900.0	7
718200.0	7
718500.0	7
718800.0	7
719100.0	7
719400.0	7
719700.0	7
720000.0	7
720300.0	7
720600.0	7
720900.0	7
721200.0	7
721500.0	7
721800.0	7
722100.0	7
722400.0	7
722700.0	7
723000.0	7
723300.0	7
723600.0	7
723900.0	7
724200.0	7
724500.0	7
724800.0	7
725100.0	7
725400.0	7
725700.0	7
726000.0	7
726300.0	7
726600.0	7
726900.0	7
727200.0	7
727500.0	7
727800.0	7
728100.0	7
728400.0	7
728700.0	7
729000.0	7
729300.0	7
729600.0	7
729900.0	7
730200.0	7
730500.0	7
730800.0	7
731100.0	7
731400.0	7
731700.0	7
732000.0	7
732300.0	7
732600.0	7
732900.0	7
733200.0	7
733500.0	7
733800.0	7
734100.0	7
734400.0	7
734700.0	7
735000.0	7
735300.0	7
735600.0	7
735900.0	7
736200.0	7
736500.0	7
736800.0	7
737100.0	7
737400.0	7
737700.0	7
738000.0	7
738300.0	7
738600.0	7
738900.0	7
739200.0	7
739500.0	7
739800.0	7
740100.0	7
740400.0	7
740700.0	7
741000.0	7
741300.0	7
741600.0	7
741900.0	7
742200.0	7
742500.0	7
742800.0	7
743100.0	7
743400.0	7
743700.0	7
744000.0	7
744300.0	7
744600.0	7
744900.0	7
745200.0	7
745500.0	7
745800.0	7
746100.0	7
746400.0	7
746700.0	7
747000.0	7
747300.0	7
747600.0	7
747900.0	7
748200.0	7
748500.0	7
748800.0	7
749100.0	7
749400.0	7
749700.0	7
750000.0	7
750300.0	7
750600.0	7
750900.0	7
751200.0	7
751500.0	7
751800.0	7
752100.0	7
752400.0	7
752700.0	7
753000.0	7
753300.0	7
753600.0	7
753900.0	7
754200.0	7
754500.0	7
754800.0	7
755100.0	7
755400.0	7
755700.0	7
756000.0	7
756300.0	7
756600.0	7
756900.0	7
757200.0	7
757500.0	7
757800.0	7
758100.0	7
758400.0	7
758700.0	7
759000.0	7
759300.0	7
759600.0	7
759900.0	7
760200.0	7
760500.0	7
760800.0	7
761100.0	7
761400.0	7
761700.0	7
762000.0	7
762300.0	7
762600.0	7
762900.0	7
763200.0	7
763500.0	7
763800.0	7
764100.0	7
764400.0	7
764700.0	7
765000.0	7
765300.0	7
765600.0	7
765900.0	7
766200.0	7
766500.0	7
766800.0	7
767100.0	7
767400.0	7
767700.0	7
768000.0	7
768300.0	7
768600.0	7
768900.0	7
769200.0	7
769500.0	7
769800.0	7
770100.0	7
770400.0	7
770700.0	7
771000.0	7
771300.0	7
771600.0	7
771900.0	7
772200.0	7
772500.0	7
772800.0	7
773100.0	7
773400.0	7
773700.0	7
774000.0	7
774300.0	7
774600.0	7
774900.0	7
775200.0	7
775500.0	7
775800.0	7
776100.0	7
776400.0	7
776700.0	7
777000.0	7
777300.0	7
777600.0	7
777900.0	7
778200.0	7
778500.0	7
778800.0	7
779100.0	7
779400.0	7
779700.0	7
780000.0	7
780300.0	7
780600.0	7
780900.0	7
781200.0	7
781500.0	7
781800.0	7
782100.0	7
782400.0	7
782700.0	7
783000.0	7
783300.0	7
783600.0	7
783900.0	7
784200.0	7
784500.0	7
784800.0	7
785100.0	7
785400.0	7
785700.0	7
786000.0	7
786300.0	7
786600.0	7
786900.0	7
787200.0	7
787500.0	7
787800.0	7
788100.0	7
788400.0	7
788700.0	7
789000.0	7
789300.0	7
789600.0	7
789900.0	7
790200.0	7
790500.0	7
790800.0	7
791100.0	7
791400.0	7
791700.0	7
792000.0	7
792300.0	7
792600.0	7
792900.0	7
793200.0	7
793500.0	7
793800.0	7
794100.0	7
794400.0	7
794700.0	7
795000.0	7
795300.0	7
795600.0	7
795900.0	7
796200.0	7
796500.0	7
796800.0	7
797100.0	7
797400.0	7
797700.0	7
798000.0	7
798300.0	7
798600.0	7
798900.0	7
799200.0	7
799500.0	7
799800.0	7
800100.0	7
800400.0	7
800700.0	7
801000.0	7
801300.0	7
801600.0	7
801900.0	7
802200.0	7
802500.0	7
802800.0	7
803100.0	7
803400.0	7
803700.0	7
804000.0	7
804300.0	7
804600.0	7
804900.0	7
805200.0	7
805500.0	7
805800.0	7
806100.0	7
806400.0	7
806700.0	7
807000.0	7
807300.0	7
807600.0	7
807900.0	7
808200.0	7
808500.0	7
808800.0	7
809100.0	7
809400.0	7
809700.0	7
810000.0	7
810300.0	7
810600.0	7
810900.0	7
811200.0	7
811500.0	7
811800.0	7
812100.0	7
812400.0	7
812700.0	7
813000.0	7
813300.0	7
813600.0	7
813900.0	7
814200.0	7
814500.0	7
814800.0	7
815100.0	7
815400.0	7
815700.0	7
816000.0	7
816300.0	7
816600.0	7
816900.0	7
817200.0	7
817500.0	7
817800.0	7
818100.0	7
818400.0	7
818700.0	7
819000.0	7
819300.0	7
819600.0	7
819900.0	7
820200.0	7
820500.0	7
820800.0	7
821100.0	7
821400.0	7
821700.0	7
822000.0	7
822300.0	7
822600.0	7
822900.0	7
823200.0	7
823500.0	7
823800.0	7
824100.0	7
824400.0	7
824700.0	7
825000.0	7
825300.0	7
825600.0	7
825900.0	7
826200.0	7
826500.0	7
826800.0	7
827100.0	7
827400.0	7
827700.0	7
828000.0	7
828300.0	7
828600.0	7.0
828900.0	6.8
829200.0	6.6
829500.0	6.5
829800.0	6.3
830100.0	6.1
830400.0	5.9
830700.0	5.7
831000.0	5.6
831300.0	5.4
831600.0	5.2
831900.0	5.0
832200.0	4.9
832500.0	4.7
832800.0	4.5
833100.0	4.3
833400.0	4.1
833700.0	4.0
834000.0	3.8
834300.0	3.6
834600.0	3.4
834900.0	3.2
835200.0	3.1
835500.0	2.9
835800.0	2.7
836100.0	2.5
836400.0	2.3
836700.0	2.2
837000.0	2.0
837300.0	1.8
837600.0	1.6
837900.0	1.5
838200.0	1.3
838500.0	1.1
838800.0	0.9
839100.0	0.7
839400.0	0.6
839700.0	0.4
840000.0	0.2
840300.0	0.0
840600.0	-0.2
840900.0	-0.3
841200.0	-0.5
841500.0	-0.7
841800.0	-0.9
842100.0	-1.1
842400.0	-1.2
842700.0	-1.4
843000.0	-1.6
843300.0	-1.8
843600.0	-1.9
843900.0	-2.1
844200.0	-2.3
844500.0	-2.5
844800.0	-2.7
845100.0	-2.8
845400.0	-3.0
845700.0	-3.2
846000.0	-3.4
846300.0	-3.6
846600.0	-3.7
846900.0	-3.9
847200.0	-4.1
847500.0	-4.3
847800.0	-4.5
848100.0	-4.6
848400.0	-4.8
848700.0	-5.0
849000.0	-5.2
849300.0	-5.3
849600.0	-5.5
849900.0	-5.7
850200.0	-5.9
850500.0	-6.1
850800.0	-6.2
851100.0	-6.4
851400.0	-6.6
851700.0	-6.8
852000.0	-7.0
852300.0	-7.1
852600.0	-7.3
852900.0	-7.5
853200.0	-7.7
853500.0	-7.9
853800.0	-8.0
854100.0	-8.2
854400.0	-8.4
854700.0	-8.6
855000.0	-8.7
855300.0	-8.9
855600.0	-9.1
855900.0	-9.3
856200.0	-9.5
856500.0	-9.6
856800.0	-9.8
857100.0	-10.0
857400.0	-10
857700.0	-10
858000.0	-10
858300.0	-10
858600.0	-10
858900.0	-10
859200.0	-10
859500.0	-10
859800.0	-10
860100.0	-10
860400.0	-10
860700.0	-10
861000.0	-10
861300.0	-10
861600.0	-10
861900.0	-10
862200.0	-10
862500.0	-10
862800.0	-10
863100.0	-10
863400.0	-10
863700.0	-10
864000.0	-10
864300.0	-10
864600.0	-10
864900.0	-10
865200.0	-10
865500.0	-10
865800.0	-10
866100.0	-10
866400.0	-10
866700.0	-10
867000.0	-10
867300.0	-10
867600.0	-10
867900.0	-10
868200.0	-10
868500.0	-10
868800.0	-10
869100.0	-10
869400.0	-10
869700.0	-10
870000.0	-10
870300.0	-10
870600.0	-10
870900.0	-10
871200.0	-10
871500.0	-10
871800.0	-10
872100.0	-10
872400.0	-10
872700.0	-10
873000.0	-10
873300.0	-10
873600.0	-10
873900.0	-10
874200.0	-10
874500.0	-10
874800.0	-10
875100.0	-10
875400.0	-10
875700.0	-10
876000.0	-10
876300.0	-10
876600.0	-10
876900.0	-10
877200.0	-10
877500.0	-10
877800.0	-10
878100.0	-10
878400.0	-10
878700.0	-10
879000.0	-10
879300.0	-10
879600.0	-10
879900.0	-10
880200.0	-10
880500.0	-10
880800.0	-10
881100.0	-10
881400.0	-10
881700.0	-10
882000.0	-10
882300.0	-10
882600.0	-10
882900.0	-10
883200.0	-10
883500.0	-10
883800.0	-10
884100.0	-10
884400.0	-10
884700.0	-10
885000.0	-10
885300.0	-10
885600.0	-10
885900.0	-10
886200.0	-10
886500.0	-10
886800.0	-10
887100.0	-10
887400.0	-10
887700.0	-10
888000.0	-10
888300.0	-10
888600.0	-10
888900.0	-10
889200.0	-10
889500.0	-10
889800.0	-10
890100.0	-10
890400.0	-10
890700.0	-10
891000.0	-10
891300.0	-10
891600.0	-10
891900.0	-10
892200.0	-10
892500.0	-10
892800.0	-10
893100.0	-10
893400.0	-10
893700.0	-10
894000.0	-10
894300.0	-10
894600.0	-10
894900.0	-10
895200.0	-10
895500.0	-10
895800.0	-10
896100.0	-10
896400.0	-10
896700.0	-10
897000.0	-10
897300.0	-10
897600.0	-10
897900.0	-10
898200.0	-10
898500.0	-10
898800.0	-10
899100.0	-10
899400.0	-10
899700.0	-10
900000.0	-10
900300.0	-10
900600.0	-10
900900.0	-10
901200.0	-10
901500.0	-10
901800.0	-10
902100.0	-10
902400.0	-10
902700.0	-10
903000.0	-10
903300.0	-10
903600.0	-10
903900.0	-10
904200.0	-10
904500.0	-10
904800.0	-10
905100.0	-10
905400.0	-10
905700.0	-10
906000.0	-10
906300.0	-10
906600.0	-10
906900.0	-10
907200.0	-10
907500.0	-10
907800.0	-10
908100.0	-10
908400.0	-10
908700.0	-10
909000.0	-10
909300.0	-10
909600.0	-10
909900.0	-10
910200.0	-10
910500.0	-10
910800.0	-10
911100.0	-10
911400.0	-10
911700.0	-10
912000.0	-10
912300.0	-10
912600.0	-10
912900.0	-10
913200.0	-10
913500.0	-10
913800.0	-10
914100.0	-10
914400.0	-10
914700.0	-10
915000.0	-10
915300.0	-10
915600.0	-10
915900.0	-10
916200.0	-10
916500.0	-10
916800.0	-10
917100.0	-10
917400.0	-10
917700.0	-10
918000.0	-10
918300.0	-10
918600.0	-10
918900.0	-10
919200.0	-10
919500.0	-10
919800.0	-10
920100.0	-10
920400.0	-10
920700.0	-10
921000.0	-10
921300.0	-10
921600.0	-10
921900.0	-10
922200.0	-10
922500.0	-10
922800.0	-10
923100.0	-10
923400.0	-10
923700.0	-10
924000.0	-10
924300.0	-10
924600.0	-10
924900.0	-10
925200.0	-10
925500.0	-10
925800.0	-10
926100.0	-10
926400.0	-10
926700.0	-10
927000.0	-10
927300.0	-10
927600.0	-10
927900.0	-10
928200.0	-10
928500.0	-10
928800.0	-10
929100.0	-10
929400.0	-10
929700.0	-10
930000.0	-10
930300.0	-10
930600.0	-10
930900.0	-10
931200.0	-10
931500.0	-10
931800.0	-10
932100.0	-10
932400.0	-10
932700.0	-10
933000.0	-10
933300.0	-10
933600.0	-10
933900.0	-10
934200.0	-10
934500.0	-10
934800.0	-10
935100.0	-10
935400.0	-10
935700.0	-10
936000.0	-10
936300.0	-10
936600.0	-10
936900.0	-10
937200.0	-10
937500.0	-10
937800.0	-10
938100.0	-10
938400.0	-10
938700.0	-10
939000.0	-10
939300.0	-10
939600.0	-10
939900.0	-10
940200.0	-10
940500.0	-10
940800.0	-10
941100.0	-10
941400.0	-10
941700.0	-10
942000.0	-10
942300.0	-10
942600.0	-10
942900.0	-10
943200.0	-10
943500.0	-10
943800.0	-10
944100.0	-10
944400.0	-10
944700.0	-10
945000.0	-10
945300.0	-10
945600.0	-10
945900.0	-10
946200.0	-10
946500.0	-10
946800.0	-10
947100.0	-10
947400.0	-10
947700.0	-10
948000.0	-10
948300.0	-10
948600.0	-10
948900.0	-10
949200.0	-10
949500.0	-10
949800.0	-10
950100.0	-10
950400.0	-10
950700.0	-10
951000.0	-10
951300.0	-10
951600.0	-10
951900.0	-10
952200.0	-10
952500.0	-10
952800.0	-10
953100.0	-10
953400.0	-10
953700.0	-10
954000.0	-10
954300.0	-10
954600.0	-10
954900.0	-10
955200.0	-10
955500.0	-10
955800.0	-10
956100.0	-10
956400.0	-10
956700.0	-10
957000.0	-10
957300.0	-10
957600.0	-10
957900.0	-10
958200.0	-10
958500.0	-10
958800.0	-10
959100.0	-10
959400.0	-10
959700.0	-10
960000.0	-10
960300.0	-10
960600.0	-10
960900.0	-10
961200.0	-10
961500.0	-10
961800.0	-10
962100.0	-10
962400.0	-10
962700.0	-10
963000.0	-10
963300.0	-10
963600.0	-10
963900.0	-10
964200.0	-10
964500.0	-10
964800.0	-10
965100.0	-10
965400.0	-10
965700.0	-10
966000.0	-10
966300.0	-10
966600.0	-10
966900.0	-10
967200.0	-10
967500.0	-10
967800.0	-10
968100.0	-10
968400.0	-10
968700.0	-10
969000.0	-10
969300.0	-10
969600.0	-10
969900.0	-10
970200.0	-10
970500.0	-10
970800.0	-10
971100.0	-10
971400.0	-10.0
971700.0	-10.0
972000.0	-10.0
972300.0	-10.0
972600.0	-10.0
972900.0	-10.0
973200.0	-10.0
973500.0	-10.0
973800.0	-10.0
974100.0	-10.0
974400.0	-10.0
974700.0	-10.0
975000.0	-10.0
975300.0	-10.0
975600.0	-10.0
975900.0	-10.0
976200.0	-10.0
976500.0	-10.0
976800.0	-10.0
977100.0	-10.0
977400.0	-10.0
977700.0	-10.0
978000.0	-10.0
978300.0	-10.0
978600.0	-10.0
978900.0	-10.0
979200.0	-10.0
979500.0	-10.0
979800.0	-10.0
980100.0	-10.0
980400.0	-10.0
980700.0	-10.0
981000.0	-10.0
981300.0	-10.0
981600.0	-10.0
981900.0	-10.0
982200.0	-10.0
982500.0	-10.0
982800.0	-10.0
983100.0	-10.0
983400.0	-10.0
983700.0	-10.0
984000.0	-10.0
984300.0	-10.0
984600.0	-10.0
984900.0	-10.0
985200.0	-10.0
985500.0	-10.0
985800.0	-10.0
986100.0	-10.0
986400.0	-10.0
986700.0	-10.0
987000.0	-10.0
987300.0	-10.0
987600.0	-10.0
987900.0	-10.0
988200.0	-10.0
988500.0	-10.0
988800.0	-10.0
989100.0	-10.0
989400.0	-10.0
989700.0	-10.0
990000.0	-10.0
990300.0	-10.0
990600.0	-10.0
990900.0	-10.0
991200.0	-10.0
991500.0	-10.0
991800.0	-10.0
992100.0	-10.0
992400.0	-10.0
992700.0	-10.0
993000.0	-10.0
993300.0	-10.0
993600.0	-10.0
993900.0	-10.0
994200.0	-10.0
994500.0	-10.0
994800.0	-10.0
995100.0	-10.0
995400.0	-10.0
995700.0	-10.0
996000.0	-10.0
996300.0	-10.0
996600.0	-10.0
996900.0	-10.0
997200.0	-10.0
997500.0	-10.0
997800.0	-10.0
998100.0	-10.0
998400.0	-10.0
998700.0	-10.0
999000.0	-10.0
999300.0	-10.0
999600.0	-10
