#1
double tab(3333, 2)
# time T_amb
0.0	0
300.0	0
600.0	0
900.0	0
1200.0	0
1500.0	0
1800.0	0
2100.0	0
2400.0	0
2700.0	0
3000.0	0
3300.0	0
3600.0	0
3900.0	0
4200.0	0
4500.0	0
4800.0	0
5100.0	0
5400.0	0
5700.0	0
6000.0	0
6300.0	0
6600.0	0
6900.0	0
7200.0	0
7500.0	0
7800.0	0
8100.0	0
8400.0	0
8700.0	0
9000.0	0
9300.0	0
9600.0	0
9900.0	0
10200.0	0
10500.0	0
10800.0	0
11100.0	0
11400.0	0
11700.0	0
12000.0	0
12300.0	0
12600.0	0
12900.0	0
13200.0	0
13500.0	0
13800.0	0
14100.0	0
14400.0	0
14700.0	0
15000.0	0
15300.0	0
15600.0	0
15900.0	0
16200.0	0
16500.0	0
16800.0	0
17100.0	0
17400.0	0
17700.0	0
18000.0	0
18300.0	0
18600.0	0
18900.0	0
19200.0	0
19500.0	0
19800.0	0
20100.0	0
20400.0	0
20700.0	0
21000.0	0
21300.0	0
21600.0	0
21900.0	0
22200.0	0
22500.0	0
22800.0	0
23100.0	0
23400.0	0
23700.0	0
24000.0	0
24300.0	0
24600.0	0
24900.0	0
25200.0	0
25500.0	0
25800.0	0
26100.0	0
26400.0	0
26700.0	0
27000.0	0
27300.0	0
27600.0	0
27900.0	0
28200.0	0
28500.0	0
28800.0	0
29100.0	0
29400.0	0
29700.0	0
30000.0	0
30300.0	0
30600.0	0
30900.0	0
31200.0	0
31500.0	0
31800.0	0
32100.0	0
32400.0	0
32700.0	0
33000.0	0
33300.0	0
33600.0	0
33900.0	0
34200.0	0
34500.0	0
34800.0	0
35100.0	0
35400.0	0
35700.0	0
36000.0	0
36300.0	0
36600.0	0
36900.0	0
37200.0	0
37500.0	0
37800.0	0
38100.0	0
38400.0	0
38700.0	0
39000.0	0
39300.0	0
39600.0	0
39900.0	0
40200.0	0
40500.0	0
40800.0	0
41100.0	0
41400.0	0
41700.0	0
42000.0	0
42300.0	0
42600.0	0
42900.0	0
43200.0	0
43500.0	0
43800.0	0
44100.0	0
44400.0	0
44700.0	0
45000.0	0
45300.0	0
45600.0	0
45900.0	0
46200.0	0
46500.0	0
46800.0	0
47100.0	0
47400.0	0
47700.0	0
48000.0	0
48300.0	0
48600.0	0
48900.0	0
49200.0	0
49500.0	0
49800.0	0
50100.0	0
50400.0	0
50700.0	0
51000.0	0
51300.0	0
51600.0	0
51900.0	0
52200.0	0
52500.0	0
52800.0	0
53100.0	0
53400.0	0
53700.0	0
54000.0	0
54300.0	0
54600.0	0
54900.0	0
55200.0	0
55500.0	0
55800.0	0
56100.0	0
56400.0	0
56700.0	0
57000.0	0
57300.0	0
57600.0	0
57900.0	0
58200.0	0
58500.0	0
58800.0	0
59100.0	0
59400.0	0
59700.0	0
60000.0	0
60300.0	0
60600.0	0
60900.0	0
61200.0	0
61500.0	0
61800.0	0
62100.0	0
62400.0	0
62700.0	0
63000.0	0
63300.0	0
63600.0	0
63900.0	0
64200.0	0
64500.0	0
64800.0	0
65100.0	0
65400.0	0
65700.0	0
66000.0	0
66300.0	0
66600.0	0
66900.0	0
67200.0	0
67500.0	0
67800.0	0
68100.0	0
68400.0	0
68700.0	0
69000.0	0
69300.0	0
69600.0	0
69900.0	0
70200.0	0
70500.0	0
70800.0	0
71100.0	0
71400.0	0
71700.0	0
72000.0	0
72300.0	0
72600.0	0
72900.0	0
73200.0	0
73500.0	0
73800.0	0
74100.0	0
74400.0	0
74700.0	0
75000.0	0
75300.0	0
75600.0	0
75900.0	0
76200.0	0
76500.0	0
76800.0	0
77100.0	0
77400.0	0
77700.0	0
78000.0	0
78300.0	0
78600.0	0
78900.0	0
79200.0	0
79500.0	0
79800.0	0
80100.0	0
80400.0	0
80700.0	0
81000.0	0
81300.0	0
81600.0	0
81900.0	0
82200.0	0
82500.0	0
82800.0	0
83100.0	0
83400.0	0
83700.0	0
84000.0	0
84300.0	0
84600.0	0
84900.0	0
85200.0	0
85500.0	0
85800.0	0
86100.0	0
86400.0	0
86700.0	0
87000.0	0
87300.0	0
87600.0	0
87900.0	0
88200.0	0
88500.0	0
88800.0	0
89100.0	0
89400.0	0
89700.0	0
90000.0	0
90300.0	0
90600.0	0
90900.0	0
91200.0	0
91500.0	0
91800.0	0
92100.0	0
92400.0	0
92700.0	0
93000.0	0
93300.0	0
93600.0	0
93900.0	0
94200.0	0
94500.0	0
94800.0	0
95100.0	0
95400.0	0
95700.0	0
96000.0	0
96300.0	0
96600.0	0
96900.0	0
97200.0	0
97500.0	0
97800.0	0
98100.0	0
98400.0	0
98700.0	0
99000.0	0
99300.0	0
99600.0	0
99900.0	0
100200.0	0
100500.0	0
100800.0	0
101100.0	0
101400.0	0
101700.0	0
102000.0	0
102300.0	0
102600.0	0
102900.0	0
103200.0	0
103500.0	0
103800.0	0
104100.0	0
104400.0	0
104700.0	0
105000.0	0
105300.0	0
105600.0	0
105900.0	0
106200.0	0
106500.0	0
106800.0	0
107100.0	0
107400.0	0
107700.0	0
108000.0	0
108300.0	0
108600.0	0
108900.0	0
109200.0	0
109500.0	0
109800.0	0
110100.0	0
110400.0	0
110700.0	0
111000.0	0
111300.0	0
111600.0	0
111900.0	0
112200.0	0
112500.0	0
112800.0	0
113100.0	0
113400.0	0
113700.0	0
114000.0	0
114300.0	0
114600.0	0
114900.0	0
115200.0	0
115500.0	0
115800.0	0
116100.0	0
116400.0	0
116700.0	0
117000.0	0
117300.0	0
117600.0	0
117900.0	0
118200.0	0
118500.0	0
118800.0	0
119100.0	0
119400.0	0
119700.0	0
120000.0	0
120300.0	0
120600.0	0
120900.0	0
121200.0	0
121500.0	0
121800.0	0
122100.0	0
122400.0	0
122700.0	0
123000.0	0
123300.0	0
123600.0	0
123900.0	0
124200.0	0
124500.0	0
124800.0	0
125100.0	0
125400.0	0
125700.0	0
126000.0	0
126300.0	0
126600.0	0
126900.0	0
127200.0	0
127500.0	0
127800.0	0
128100.0	0
128400.0	0
128700.0	0
129000.0	0
129300.0	0
129600.0	0
129900.0	0
130200.0	0
130500.0	0
130800.0	0
131100.0	0
131400.0	0
131700.0	0
132000.0	0
132300.0	0
132600.0	0
132900.0	0
133200.0	0
133500.0	0
133800.0	0
134100.0	0
134400.0	0
134700.0	0
135000.0	0
135300.0	0
135600.0	0
135900.0	0
136200.0	0
136500.0	0
136800.0	0
137100.0	0
137400.0	0
137700.0	0
138000.0	0
138300.0	0
138600.0	0
138900.0	0
139200.0	0
139500.0	0
139800.0	0
140100.0	0
140400.0	0
140700.0	0
141000.0	0
141300.0	0
141600.0	0
141900.0	0
142200.0	0
142500.0	0
142800.0	0
143100.0	0
143400.0	0
143700.0	0
144000.0	0
144300.0	0
144600.0	0
144900.0	0
145200.0	0
145500.0	0
145800.0	0
146100.0	0
146400.0	0
146700.0	0
147000.0	0
147300.0	0
147600.0	0
147900.0	0
148200.0	0
148500.0	0
148800.0	0
149100.0	0
149400.0	0
149700.0	0
150000.0	0
150300.0	0
150600.0	0
150900.0	0
151200.0	0
151500.0	0
151800.0	0
152100.0	0
152400.0	0
152700.0	0
153000.0	0
153300.0	0
153600.0	0
153900.0	0
154200.0	0
154500.0	0
154800.0	0
155100.0	0
155400.0	0
155700.0	0
156000.0	0
156300.0	0
156600.0	0
156900.0	0
157200.0	0
157500.0	0
157800.0	0
158100.0	0
158400.0	0
158700.0	0
159000.0	0
159300.0	0
159600.0	0
159900.0	0
160200.0	0.0
160500.0	0.0
160800.0	0.1
161100.0	0.1
161400.0	0.2
161700.0	0.2
162000.0	0.2
162300.0	0.3
162600.0	0.3
162900.0	0.3
163200.0	0.4
163500.0	0.4
163800.0	0.5
164100.0	0.5
164400.0	0.5
164700.0	0.6
165000.0	0.6
165300.0	0.6
165600.0	0.7
165900.0	0.7
166200.0	0.8
166500.0	0.8
166800.0	0.8
167100.0	0.9
167400.0	0.9
167700.0	0.9
168000.0	1.0
168300.0	1.0
168600.0	1.1
168900.0	1.1
169200.0	1.1
169500.0	1.2
169800.0	1.2
170100.0	1.2
170400.0	1.3
170700.0	1.3
171000.0	1.4
171300.0	1.4
171600.0	1.4
171900.0	1.5
172200.0	1.5
172500.0	1.5
172800.0	1.6
173100.0	1.6
173400.0	1.7
173700.0	1.7
174000.0	1.7
174300.0	1.8
174600.0	1.8
174900.0	1.8
175200.0	1.9
175500.0	1.9
175800.0	2.0
176100.0	2.0
176400.0	2.0
176700.0	2.1
177000.0	2.1
177300.0	2.1
177600.0	2.2
177900.0	2.2
178200.0	2.3
178500.0	2.3
178800.0	2.3
179100.0	2.4
179400.0	2.4
179700.0	2.4
180000.0	2.5
180300.0	2.5
180600.0	2.6
180900.0	2.6
181200.0	2.6
181500.0	2.7
181800.0	2.7
182100.0	2.7
182400.0	2.8
182700.0	2.8
183000.0	2.9
183300.0	2.9
183600.0	2.9
183900.0	3.0
184200.0	3.0
184500.0	3.0
184800.0	3.1
185100.0	3.1
185400.0	3.2
185700.0	3.2
186000.0	3.2
186300.0	3.3
186600.0	3.3
186900.0	3.3
187200.0	3.4
187500.0	3.4
187800.0	3.5
188100.0	3.5
188400.0	3.5
188700.0	3.6
189000.0	3.6
189300.0	3.6
189600.0	3.7
189900.0	3.7
190200.0	3.8
190500.0	3.8
190800.0	3.8
191100.0	3.9
191400.0	3.9
191700.0	3.9
192000.0	4.0
192300.0	4.0
192600.0	4.1
192900.0	4.1
193200.0	4.1
193500.0	4.2
193800.0	4.2
194100.0	4.2
194400.0	4.3
194700.0	4.3
195000.0	4.4
195300.0	4.4
195600.0	4.4
195900.0	4.5
196200.0	4.5
196500.0	4.5
196800.0	4.6
197100.0	4.6
197400.0	4.7
197700.0	4.7
198000.0	4.7
198300.0	4.8
198600.0	4.8
198900.0	4.8
199200.0	4.9
199500.0	4.9
199800.0	5.0
200100.0	5.0
200400.0	5
200700.0	5
201000.0	5
201300.0	5
201600.0	5
201900.0	5
202200.0	5
202500.0	5
202800.0	5
203100.0	5
203400.0	5
203700.0	5
204000.0	5
204300.0	5
204600.0	5
204900.0	5
205200.0	5
205500.0	5
205800.0	5
206100.0	5
206400.0	5
206700.0	5
207000.0	5
207300.0	5
207600.0	5
207900.0	5
208200.0	5
208500.0	5
208800.0	5
209100.0	5
209400.0	5
209700.0	5
210000.0	5
210300.0	5
210600.0	5
210900.0	5
211200.0	5
211500.0	5
211800.0	5
212100.0	5
212400.0	5
212700.0	5
213000.0	5
213300.0	5
213600.0	5
213900.0	5
214200.0	5
214500.0	5
214800.0	5
215100.0	5
215400.0	5
215700.0	5
216000.0	5
216300.0	5
216600.0	5
216900.0	5
217200.0	5
217500.0	5
217800.0	5
218100.0	5
218400.0	5
218700.0	5
219000.0	5
219300.0	5
219600.0	5
219900.0	5
220200.0	5
220500.0	5
220800.0	5
221100.0	5
221400.0	5
221700.0	5
222000.0	5
222300.0	5
222600.0	5
222900.0	5
223200.0	5
223500.0	5
223800.0	5
224100.0	5
224400.0	5
224700.0	5
225000.0	5
225300.0	5
225600.0	5
225900.0	5
226200.0	5
226500.0	5
226800.0	5
227100.0	5
227400.0	5
227700.0	5
228000.0	5
228300.0	5
228600.0	5
228900.0	5
229200.0	5
229500.0	5
229800.0	5
230100.0	5
230400.0	5
230700.0	5
231000.0	5
231300.0	5
231600.0	5
231900.0	5
232200.0	5
232500.0	5
232800.0	5
233100.0	5
233400.0	5
233700.0	5
234000.0	5
234300.0	5
234600.0	5
234900.0	5
235200.0	5
235500.0	5
235800.0	5
236100.0	5
236400.0	5
236700.0	5
237000.0	5
237300.0	5
237600.0	5
237900.0	5
238200.0	5
238500.0	5
238800.0	5
239100.0	5
239400.0	5
239700.0	5
240000.0	5
240300.0	5
240600.0	5
240900.0	5
241200.0	5
241500.0	5
241800.0	5
242100.0	5
242400.0	5
242700.0	5
243000.0	5
243300.0	5
243600.0	5
243900.0	5
244200.0	5
244500.0	5
244800.0	5
245100.0	5
245400.0	5
245700.0	5
246000.0	5
246300.0	5
246600.0	5
246900.0	5
247200.0	5
247500.0	5
247800.0	5
248100.0	5
248400.0	5
248700.0	5
249000.0	5
249300.0	5
249600.0	5
249900.0	5
250200.0	5
250500.0	5
250800.0	5
251100.0	5
251400.0	5
251700.0	5
252000.0	5
252300.0	5
252600.0	5
252900.0	5
253200.0	5
253500.0	5
253800.0	5
254100.0	5
254400.0	5
254700.0	5
255000.0	5
255300.0	5
255600.0	5
255900.0	5
256200.0	5
256500.0	5
256800.0	5
257100.0	5
257400.0	5
257700.0	5
258000.0	5
258300.0	5
258600.0	5
258900.0	5
259200.0	5
259500.0	5
259800.0	5
260100.0	5
260400.0	5
260700.0	5
261000.0	5
261300.0	5
261600.0	5
261900.0	5
262200.0	5
262500.0	5
262800.0	5
263100.0	5
263400.0	5
263700.0	5
264000.0	5
264300.0	5
264600.0	5
264900.0	5
265200.0	5
265500.0	5
265800.0	5
266100.0	5
266400.0	5
266700.0	5
267000.0	5
267300.0	5
267600.0	5
267900.0	5
268200.0	5
268500.0	5
268800.0	5
269100.0	5
269400.0	5
269700.0	5
270000.0	5
270300.0	5
270600.0	5
270900.0	5
271200.0	5
271500.0	5
271800.0	5
272100.0	5
272400.0	5
272700.0	5
273000.0	5
273300.0	5
273600.0	5
273900.0	5
274200.0	5
274500.0	5
274800.0	5
275100.0	5
275400.0	5
275700.0	5
276000.0	5
276300.0	5
276600.0	5
276900.0	5
277200.0	5
277500.0	5
277800.0	5
278100.0	5
278400.0	5
278700.0	5
279000.0	5
279300.0	5
279600.0	5
279900.0	5
280200.0	5
280500.0	5
280800.0	5
281100.0	5
281400.0	5
281700.0	5
282000.0	5
282300.0	5
282600.0	5
282900.0	5
283200.0	5
283500.0	5
283800.0	5
284100.0	5
284400.0	5
284700.0	5
285000.0	5
285300.0	5
285600.0	5
285900.0	5
286200.0	5
286500.0	5
286800.0	5
287100.0	5
287400.0	5
287700.0	5
288000.0	5
288300.0	5
288600.0	5
288900.0	5
289200.0	5
289500.0	5
289800.0	5
290100.0	5
290400.0	5
290700.0	5
291000.0	5
291300.0	5
291600.0	5
291900.0	5
292200.0	5
292500.0	5
292800.0	5
293100.0	5
293400.0	5
293700.0	5
294000.0	5
294300.0	5
294600.0	5
294900.0	5
295200.0	5
295500.0	5
295800.0	5
296100.0	5
296400.0	5
296700.0	5
297000.0	5
297300.0	5
297600.0	5
297900.0	5
298200.0	5
298500.0	5
298800.0	5
299100.0	5
299400.0	5
299700.0	5
300000.0	5
300300.0	5
300600.0	5
300900.0	5
301200.0	5
301500.0	5
301800.0	5
302100.0	5
302400.0	5
302700.0	5
303000.0	5
303300.0	5
303600.0	5
303900.0	5
304200.0	5
304500.0	5
304800.0	5
305100.0	5
305400.0	5
305700.0	5
306000.0	5
306300.0	5
306600.0	5
306900.0	5
307200.0	5
307500.0	5
307800.0	5
308100.0	5
308400.0	5
308700.0	5
309000.0	5
309300.0	5
309600.0	5
309900.0	5
310200.0	5
310500.0	5
310800.0	5
311100.0	5
311400.0	5
311700.0	5
312000.0	5
312300.0	5
312600.0	5
312900.0	5
313200.0	5
313500.0	5
313800.0	5
314100.0	5
314400.0	5
314700.0	5
315000.0	5
315300.0	5
315600.0	5
315900.0	5
316200.0	5
316500.0	5
316800.0	5
317100.0	5
317400.0	5
317700.0	5
318000.0	5
318300.0	5
318600.0	5
318900.0	5
319200.0	5
319500.0	5
319800.0	5
320100.0	5
320400.0	5
320700.0	5
321000.0	5
321300.0	5
321600.0	5
321900.0	5
322200.0	5
322500.0	5
322800.0	5
323100.0	5
323400.0	5
323700.0	5
324000.0	5
324300.0	5
324600.0	5
324900.0	5
325200.0	5
325500.0	5
325800.0	5
326100.0	5
326400.0	5
326700.0	5
327000.0	5
327300.0	5
327600.0	5
327900.0	5
328200.0	5
328500.0	5
328800.0	5
329100.0	5
329400.0	5
329700.0	5
330000.0	5
330300.0	5
330600.0	5
330900.0	5
331200.0	5
331500.0	5
331800.0	5
332100.0	5
332400.0	5
332700.0	5
333000.0	5
333300.0	5
333600.0	5
333900.0	5
334200.0	5
334500.0	5
334800.0	5
335100.0	5
335400.0	5
335700.0	5
336000.0	5
336300.0	5
336600.0	5
336900.0	5
337200.0	5
337500.0	5
337800.0	5
338100.0	5
338400.0	5
338700.0	5
339000.0	5
339300.0	5
339600.0	5
339900.0	5
340200.0	5
340500.0	5
340800.0	5
341100.0	5
341400.0	5
341700.0	5
342000.0	5
342300.0	5
342600.0	5
342900.0	5
343200.0	5
343500.0	5
343800.0	5
344100.0	5
344400.0	5
344700.0	5
345000.0	5
345300.0	5
345600.0	5
345900.0	5
346200.0	5
346500.0	5
346800.0	5
347100.0	5
347400.0	5
347700.0	5
348000.0	5
348300.0	5
348600.0	5
348900.0	5
349200.0	5
349500.0	5
349800.0	5
350100.0	5
350400.0	5
350700.0	5
351000.0	5
351300.0	5
351600.0	5
351900.0	5
352200.0	5
352500.0	5
352800.0	5
353100.0	5
353400.0	5
353700.0	5
354000.0	5
354300.0	5
354600.0	5
354900.0	5
355200.0	5
355500.0	5
355800.0	5
356100.0	5
356400.0	5
356700.0	5
357000.0	5
357300.0	5
357600.0	5
357900.0	5
358200.0	5
358500.0	5
358800.0	5
359100.0	5
359400.0	5
359700.0	5
360000.0	5.0
360300.0	5.1
360600.0	5.1
360900.0	5.2
361200.0	5.2
361500.0	5.3
361800.0	5.3
362100.0	5.4
362400.0	5.4
362700.0	5.5
363000.0	5.5
363300.0	5.6
363600.0	5.6
363900.0	5.7
364200.0	5.7
364500.0	5.8
364800.0	5.8
365100.0	5.9
365400.0	5.9
365700.0	6.0
366000.0	6.1
366300.0	6.1
366600.0	6.2
366900.0	6.2
367200.0	6.3
367500.0	6.3
367800.0	6.4
368100.0	6.4
368400.0	6.5
368700.0	6.5
369000.0	6.6
369300.0	6.6
369600.0	6.7
369900.0	6.7
370200.0	6.8
370500.0	6.8
370800.0	6.9
371100.0	6.9
371400.0	7.0
371700.0	7.1
372000.0	7.1
372300.0	7.2
372600.0	7.2
372900.0	7.3
373200.0	7.3
373500.0	7.4
373800.0	7.4
374100.0	7.5
374400.0	7.5
374700.0	7.6
375000.0	7.6
375300.0	7.7
375600.0	7.7
375900.0	7.8
376200.0	7.8
376500.0	7.9
376800.0	7.9
377100.0	8.0
377400.0	8.1
377700.0	8.1
378000.0	8.2
378300.0	8.2
378600.0	8.3
378900.0	8.3
379200.0	8.4
379500.0	8.4
379800.0	8.5
380100.0	8.5
380400.0	8.6
380700.0	8.6
381000.0	8.7
381300.0	8.7
381600.0	8.8
381900.0	8.8
382200.0	8.9
382500.0	8.9
382800.0	9.0
383100.0	9.1
383400.0	9.1
383700.0	9.2
384000.0	9.2
384300.0	9.3
384600.0	9.3
384900.0	9.4
385200.0	9.4
385500.0	9.5
385800.0	9.5
386100.0	9.6
386400.0	9.6
386700.0	9.7
387000.0	9.7
387300.0	9.8
387600.0	9.8
387900.0	9.9
388200.0	9.9
388500.0	10.0
388800.0	10.1
389100.0	10.1
389400.0	10.2
389700.0	10.2
390000.0	10.3
390300.0	10.3
390600.0	10.4
390900.0	10.4
391200.0	10.5
391500.0	10.5
391800.0	10.6
392100.0	10.6
392400.0	10.7
392700.0	10.7
393000.0	10.8
393300.0	10.8
393600.0	10.9
393900.0	10.9
394200.0	11.0
394500.0	11.1
394800.0	11.1
395100.0	11.2
395400.0	11.2
395700.0	11.3
396000.0	11.3
396300.0	11.4
396600.0	11.4
396900.0	11.5
397200.0	11.5
397500.0	11.6
397800.0	11.6
398100.0	11.7
398400.0	11.7
398700.0	11.8
399000.0	11.8
399300.0	11.9
399600.0	11.9
399900.0	12.0
400200.0	12
400500.0	12
400800.0	12
401100.0	12
401400.0	12
401700.0	12
402000.0	12
402300.0	12
402600.0	12
402900.0	12
403200.0	12
403500.0	12
403800.0	12
404100.0	12
404400.0	12
404700.0	12
405000.0	12
405300.0	12
405600.0	12
405900.0	12
406200.0	12
406500.0	12
406800.0	12
407100.0	12
407400.0	12
407700.0	12
408000.0	12
408300.0	12
408600.0	12
408900.0	12
409200.0	12
409500.0	12
409800.0	12
410100.0	12
410400.0	12
410700.0	12
411000.0	12
411300.0	12
411600.0	12
411900.0	12
412200.0	12
412500.0	12
412800.0	12
413100.0	12
413400.0	12
413700.0	12
414000.0	12
414300.0	12
414600.0	12
414900.0	12
415200.0	12
415500.0	12
415800.0	12
416100.0	12
416400.0	12
416700.0	12
417000.0	12
417300.0	12
417600.0	12
417900.0	12
418200.0	12
418500.0	12
418800.0	12
419100.0	12
419400.0	12
419700.0	12
420000.0	12
420300.0	12
420600.0	12
420900.0	12
421200.0	12
421500.0	12
421800.0	12
422100.0	12
422400.0	12
422700.0	12
423000.0	12
423300.0	12
423600.0	12
423900.0	12
424200.0	12
424500.0	12
424800.0	12
425100.0	12
425400.0	12
425700.0	12
426000.0	12
426300.0	12
426600.0	12
426900.0	12
427200.0	12
427500.0	12
427800.0	12
428100.0	12
428400.0	12
428700.0	12
429000.0	12
429300.0	12
429600.0	12
429900.0	12
430200.0	12
430500.0	12
430800.0	12
431100.0	12
431400.0	12
431700.0	12
432000.0	12
432300.0	12
432600.0	12
432900.0	12
433200.0	12
433500.0	12
433800.0	12
434100.0	12
434400.0	12
434700.0	12
435000.0	12
435300.0	12
435600.0	12
435900.0	12
436200.0	12
436500.0	12
436800.0	12
437100.0	12
437400.0	12
437700.0	12
438000.0	12
438300.0	12
438600.0	12
438900.0	12
439200.0	12
439500.0	12
439800.0	12
440100.0	12
440400.0	12
440700.0	12
441000.0	12
441300.0	12
441600.0	12
441900.0	12
442200.0	12
442500.0	12
442800.0	12
443100.0	12
443400.0	12
443700.0	12
444000.0	12
444300.0	12
444600.0	12
444900.0	12
445200.0	12
445500.0	12
445800.0	12
446100.0	12
446400.0	12
446700.0	12
447000.0	12
447300.0	12
447600.0	12
447900.0	12
448200.0	12
448500.0	12
448800.0	12
449100.0	12
449400.0	12
449700.0	12
450000.0	12
450300.0	12
450600.0	12
450900.0	12
451200.0	12
451500.0	12
451800.0	12
452100.0	12
452400.0	12
452700.0	12
453000.0	12
453300.0	12
453600.0	12
453900.0	12
454200.0	12
454500.0	12
454800.0	12
455100.0	12
455400.0	12
455700.0	12
456000.0	12
456300.0	12
456600.0	12
456900.0	12
457200.0	12
457500.0	12
457800.0	12
458100.0	12
458400.0	12
458700.0	12
459000.0	12
459300.0	12
459600.0	12
459900.0	12
460200.0	12
460500.0	12
460800.0	12
461100.0	12
461400.0	12
461700.0	12
462000.0	12
462300.0	12
462600.0	12
462900.0	12
463200.0	12
463500.0	12
463800.0	12
464100.0	12
464400.0	12
464700.0	12
465000.0	12
465300.0	12
465600.0	12
465900.0	12
466200.0	12
466500.0	12
466800.0	12
467100.0	12
467400.0	12
467700.0	12
468000.0	12
468300.0	12
468600.0	12
468900.0	12
469200.0	12
469500.0	12
469800.0	12
470100.0	12
470400.0	12
470700.0	12
471000.0	12
471300.0	12
471600.0	12
471900.0	12
472200.0	12
472500.0	12
472800.0	12
473100.0	12
473400.0	12
473700.0	12
474000.0	12
474300.0	12
474600.0	12
474900.0	12
475200.0	12
475500.0	12
475800.0	12
476100.0	12
476400.0	12
476700.0	12
477000.0	12
477300.0	12
477600.0	12
477900.0	12
478200.0	12
478500.0	12
478800.0	12
479100.0	12
479400.0	12
479700.0	12
480000.0	12
480300.0	12
480600.0	12
480900.0	12
481200.0	12
481500.0	12
481800.0	12
482100.0	12
482400.0	12
482700.0	12
483000.0	12
483300.0	12
483600.0	12
483900.0	12
484200.0	12
484500.0	12
484800.0	12
485100.0	12
485400.0	12
485700.0	12
486000.0	12
486300.0	12
486600.0	12
486900.0	12
487200.0	12
487500.0	12
487800.0	12
488100.0	12
488400.0	12
488700.0	12
489000.0	12
489300.0	12
489600.0	12
489900.0	12
490200.0	12
490500.0	12
490800.0	12
491100.0	12
491400.0	12
491700.0	12
492000.0	12
492300.0	12
492600.0	12
492900.0	12
493200.0	12
493500.0	12
493800.0	12
494100.0	12
494400.0	12
494700.0	12
495000.0	12
495300.0	12
495600.0	12
495900.0	12
496200.0	12
496500.0	12
496800.0	12
497100.0	12
497400.0	12
497700.0	12
498000.0	12
498300.0	12
498600.0	12
498900.0	12
499200.0	12
499500.0	12
499800.0	12
500100.0	12
500400.0	12
500700.0	12
501000.0	12
501300.0	12
501600.0	12
501900.0	12
502200.0	12
502500.0	12
502800.0	12
503100.0	12
503400.0	12
503700.0	12
504000.0	12
504300.0	12
504600.0	12
504900.0	12
505200.0	12
505500.0	12
505800.0	12
506100.0	12
506400.0	12
506700.0	12
507000.0	12
507300.0	12
507600.0	12
507900.0	12
508200.0	12
508500.0	12
508800.0	12
509100.0	12
509400.0	12
509700.0	12
510000.0	12
510300.0	12
510600.0	12
510900.0	12
511200.0	12
511500.0	12
511800.0	12
512100.0	12
512400.0	12
512700.0	12
513000.0	12
513300.0	12
513600.0	12
513900.0	12
514200.0	12
514500.0	12
514800.0	12
515100.0	12
515400.0	12
515700.0	12
516000.0	12
516300.0	12
516600.0	12
516900.0	12
517200.0	12
517500.0	12
517800.0	12
518100.0	12
518400.0	12
518700.0	12
519000.0	12
519300.0	12
519600.0	12
519900.0	12
520200.0	12
520500.0	12
520800.0	12
521100.0	12
521400.0	12
521700.0	12
522000.0	12
522300.0	12
522600.0	12
522900.0	12
523200.0	12
523500.0	12
523800.0	12
524100.0	12
524400.0	12
524700.0	12
525000.0	12
525300.0	12
525600.0	12
525900.0	12
526200.0	12
526500.0	12
526800.0	12
527100.0	12
527400.0	12
527700.0	12
528000.0	12
528300.0	12
528600.0	12
528900.0	12
529200.0	12
529500.0	12
529800.0	12
530100.0	12
530400.0	12
530700.0	12
531000.0	12
531300.0	12
531600.0	12
531900.0	12
532200.0	12
532500.0	12
532800.0	12
533100.0	12
533400.0	12
533700.0	12
534000.0	12
534300.0	12
534600.0	12
534900.0	12
535200.0	12
535500.0	12
535800.0	12
536100.0	12
536400.0	12
536700.0	12
537000.0	12
537300.0	12
537600.0	12
537900.0	12
538200.0	12
538500.0	12
538800.0	12
539100.0	12
539400.0	12
539700.0	12
540000.0	12
540300.0	12
540600.0	12
540900.0	12
541200.0	12
541500.0	12
541800.0	12
542100.0	12
542400.0	12
542700.0	12
543000.0	12
543300.0	12
543600.0	12
543900.0	12
544200.0	12
544500.0	12
544800.0	12
545100.0	12
545400.0	12
545700.0	12
546000.0	12
546300.0	12
546600.0	12
546900.0	12
547200.0	12
547500.0	12
547800.0	12
548100.0	12
548400.0	12
548700.0	12
549000.0	12
549300.0	12
549600.0	12
549900.0	12
550200.0	12
550500.0	12
550800.0	12
551100.0	12
551400.0	12
551700.0	12
552000.0	12
552300.0	12
552600.0	12
552900.0	12
553200.0	12
553500.0	12
553800.0	12
554100.0	12
554400.0	12
554700.0	12
555000.0	12
555300.0	12
555600.0	12
555900.0	12
556200.0	12
556500.0	12
556800.0	12
557100.0	12
557400.0	12
557700.0	12
558000.0	12
558300.0	12
558600.0	12
558900.0	12
559200.0	12
559500.0	12
559800.0	12.0
560100.0	12.0
560400.0	11.9
560700.0	11.9
561000.0	11.9
561300.0	11.8
561600.0	11.8
561900.0	11.8
562200.0	11.8
562500.0	11.7
562800.0	11.7
563100.0	11.7
563400.0	11.6
563700.0	11.6
564000.0	11.6
564300.0	11.5
564600.0	11.5
564900.0	11.5
565200.0	11.5
565500.0	11.4
565800.0	11.4
566100.0	11.4
566400.0	11.3
566700.0	11.3
567000.0	11.3
567300.0	11.2
567600.0	11.2
567900.0	11.2
568200.0	11.2
568500.0	11.1
568800.0	11.1
569100.0	11.1
569400.0	11.0
569700.0	11.0
570000.0	11.0
570300.0	10.9
570600.0	10.9
570900.0	10.9
571200.0	10.9
571500.0	10.8
571800.0	10.8
572100.0	10.8
572400.0	10.7
572700.0	10.7
573000.0	10.7
573300.0	10.6
573600.0	10.6
573900.0	10.6
574200.0	10.6
574500.0	10.5
574800.0	10.5
575100.0	10.5
575400.0	10.4
575700.0	10.4
576000.0	10.4
576300.0	10.3
576600.0	10.3
576900.0	10.3
577200.0	10.3
577500.0	10.2
577800.0	10.2
578100.0	10.2
578400.0	10.1
578700.0	10.1
579000.0	10.1
579300.0	10.0
579600.0	10.0
579900.0	10.0
580200.0	10.0
580500.0	9.9
580800.0	9.9
581100.0	9.9
581400.0	9.8
581700.0	9.8
582000.0	9.8
582300.0	9.7
582600.0	9.7
582900.0	9.7
583200.0	9.7
583500.0	9.6
583800.0	9.6
584100.0	9.6
584400.0	9.5
584700.0	9.5
585000.0	9.5
585300.0	9.4
585600.0	9.4
585900.0	9.4
586200.0	9.4
586500.0	9.3
586800.0	9.3
587100.0	9.3
587400.0	9.2
587700.0	9.2
588000.0	9.2
588300.0	9.1
588600.0	9.1
588900.0	9.1
589200.0	9.1
589500.0	9.0
589800.0	9.0
590100.0	9.0
590400.0	8.9
590700.0	8.9
591000.0	8.9
591300.0	8.8
591600.0	8.8
591900.0	8.8
592200.0	8.8
592500.0	8.7
592800.0	8.7
593100.0	8.7
593400.0	8.6
593700.0	8.6
594000.0	8.6
594300.0	8.5
594600.0	8.5
594900.0	8.5
595200.0	8.5
595500.0	8.4
595800.0	8.4
596100.0	8.4
596400.0	8.3
596700.0	8.3
597000.0	8.3
597300.0	8.2
597600.0	8.2
597900.0	8.2
598200.0	8.2
598500.0	8.1
598800.0	8.1
599100.0	8.1
599400.0	8.0
599700.0	8.0
600000.0	8
600300.0	8
600600.0	8
600900.0	8
601200.0	8
601500.0	8
601800.0	8
602100.0	8
602400.0	8
602700.0	8
603000.0	8
603300.0	8
603600.0	8
603900.0	8
604200.0	8
604500.0	8
604800.0	8
605100.0	8
605400.0	8
605700.0	8
606000.0	8
606300.0	8
606600.0	8
606900.0	8
607200.0	8
607500.0	8
607800.0	8
608100.0	8
608400.0	8
608700.0	8
609000.0	8
609300.0	8
609600.0	8
609900.0	8
610200.0	8
610500.0	8
610800.0	8
611100.0	8
611400.0	8
611700.0	8
612000.0	8
612300.0	8
612600.0	8
612900.0	8
613200.0	8
613500.0	8
613800.0	8
614100.0	8
614400.0	8
614700.0	8
615000.0	8
615300.0	8
615600.0	8
615900.0	8
616200.0	8
616500.0	8
616800.0	8
617100.0	8
617400.0	8
617700.0	8
618000.0	8
618300.0	8
618600.0	8
618900.0	8
619200.0	8
619500.0	8
619800.0	8
620100.0	8
620400.0	8
620700.0	8
621000.0	8
621300.0	8
621600.0	8
621900.0	8
622200.0	8
622500.0	8
622800.0	8
623100.0	8
623400.0	8
623700.0	8
624000.0	8
624300.0	8
624600.0	8
624900.0	8
625200.0	8
625500.0	8
625800.0	8
626100.0	8
626400.0	8
626700.0	8
627000.0	8
627300.0	8
627600.0	8
627900.0	8
628200.0	8
628500.0	8
628800.0	8
629100.0	8
629400.0	8
629700.0	8
630000.0	8
630300.0	8
630600.0	8
630900.0	8
631200.0	8
631500.0	8
631800.0	8
632100.0	8
632400.0	8
632700.0	8
633000.0	8
633300.0	8
633600.0	8
633900.0	8
634200.0	8
634500.0	8
634800.0	8
635100.0	8
635400.0	8
635700.0	8
636000.0	8
636300.0	8
636600.0	8
636900.0	8
637200.0	8
637500.0	8
637800.0	8
638100.0	8
638400.0	8
638700.0	8
639000.0	8
639300.0	8
639600.0	8
639900.0	8
640200.0	8
640500.0	8
640800.0	8
641100.0	8
641400.0	8
641700.0	8
642000.0	8
642300.0	8
642600.0	8
642900.0	8
643200.0	8
643500.0	8
643800.0	8
644100.0	8
644400.0	8
644700.0	8
645000.0	8
645300.0	8
645600.0	8
645900.0	8
646200.0	8
646500.0	8
646800.0	8
647100.0	8
647400.0	8
647700.0	8
648000.0	8
648300.0	8
648600.0	8
648900.0	8
649200.0	8
649500.0	8
649800.0	8
650100.0	8
650400.0	8
650700.0	8
651000.0	8
651300.0	8
651600.0	8
651900.0	8
652200.0	8
652500.0	8
652800.0	8
653100.0	8
653400.0	8
653700.0	8
654000.0	8
654300.0	8
654600.0	8
654900.0	8
655200.0	8
655500.0	8
655800.0	8
656100.0	8
656400.0	8
656700.0	8
657000.0	8
657300.0	8
657600.0	8
657900.0	8
658200.0	8
658500.0	8
658800.0	8
659100.0	8
659400.0	8
659700.0	8
660000.0	8
660300.0	8
660600.0	8
660900.0	8
661200.0	8
661500.0	8
661800.0	8
662100.0	8
662400.0	8
662700.0	8
663000.0	8
663300.0	8
663600.0	8
663900.0	8
664200.0	8
664500.0	8
664800.0	8
665100.0	8
665400.0	8
665700.0	8
666000.0	8
666300.0	8
666600.0	8
666900.0	8
667200.0	8
667500.0	8
667800.0	8
668100.0	8
668400.0	8
668700.0	8
669000.0	8
669300.0	8
669600.0	8
669900.0	8
670200.0	8
670500.0	8
670800.0	8
671100.0	8
671400.0	8
671700.0	8
672000.0	8
672300.0	8
672600.0	8
672900.0	8
673200.0	8
673500.0	8
673800.0	8
674100.0	8
674400.0	8
674700.0	8
675000.0	8
675300.0	8
675600.0	8
675900.0	8
676200.0	8
676500.0	8
676800.0	8
677100.0	8
677400.0	8
677700.0	8
678000.0	8
678300.0	8
678600.0	8
678900.0	8
679200.0	8
679500.0	8
679800.0	8
680100.0	8
680400.0	8
680700.0	8
681000.0	8
681300.0	8
681600.0	8
681900.0	8
682200.0	8
682500.0	8
682800.0	8
683100.0	8
683400.0	8
683700.0	8
684000.0	8
684300.0	8
684600.0	8
684900.0	8
685200.0	8
685500.0	8
685800.0	8
686100.0	8
686400.0	8
686700.0	8
687000.0	8
687300.0	8
687600.0	8
687900.0	8
688200.0	8
688500.0	8
688800.0	8
689100.0	8
689400.0	8
689700.0	8
690000.0	8
690300.0	8
690600.0	8
690900.0	8
691200.0	8
691500.0	8
691800.0	8
692100.0	8
692400.0	8
692700.0	8
693000.0	8
693300.0	8
693600.0	8
693900.0	8
694200.0	8
694500.0	8
694800.0	8
695100.0	8
695400.0	8
695700.0	8
696000.0	8
696300.0	8
696600.0	8
696900.0	8
697200.0	8
697500.0	8
697800.0	8
698100.0	8
698400.0	8
698700.0	8
699000.0	8
699300.0	8
699600.0	8
699900.0	8
700200.0	8
700500.0	8
700800.0	8
701100.0	8
701400.0	8
701700.0	8
702000.0	8
702300.0	8
702600.0	8
702900.0	8
703200.0	8
703500.0	8
703800.0	8
704100.0	8
704400.0	8
704700.0	8
705000.0	8
705300.0	8
705600.0	8
705900.0	8
706200.0	8
706500.0	8
706800.0	8
707100.0	8
707400.0	8
707700.0	8
708000.0	8
708300.0	8
708600.0	8
708900.0	8
709200.0	8
709500.0	8
709800.0	8
710100.0	8
710400.0	8
710700.0	8
711000.0	8
711300.0	8
711600.0	8
711900.0	8
712200.0	8
712500.0	8
712800.0	8
713100.0	8
713400.0	8
713700.0	8
714000.0	8
714300.0	8
714600.0	8
714900.0	8
715200.0	8
715500.0	8
715800.0	8
716100.0	8
716400.0	8
716700.0	8
717000.0	8
717300.0	8
717600.0	8
717900.0	8
718200.0	8
718500.0	8
718800.0	8
719100.0	8
719400.0	8
719700.0	8
720000.0	8
720300.0	8
720600.0	8
720900.0	8
721200.0	8
721500.0	8
721800.0	8
722100.0	8
722400.0	8
722700.0	8
723000.0	8
723300.0	8
723600.0	8
723900.0	8
724200.0	8
724500.0	8
724800.0	8
725100.0	8
725400.0	8
725700.0	8
726000.0	8
726300.0	8
726600.0	8
726900.0	8
727200.0	8
727500.0	8
727800.0	8
728100.0	8
728400.0	8
728700.0	8
729000.0	8
729300.0	8
729600.0	8
729900.0	8
730200.0	8
730500.0	8
730800.0	8
731100.0	8
731400.0	8
731700.0	8
732000.0	8
732300.0	8
732600.0	8
732900.0	8
733200.0	8
733500.0	8
733800.0	8
734100.0	8
734400.0	8
734700.0	8
735000.0	8
735300.0	8
735600.0	8
735900.0	8
736200.0	8
736500.0	8
736800.0	8
737100.0	8
737400.0	8
737700.0	8
738000.0	8
738300.0	8
738600.0	8
738900.0	8
739200.0	8
739500.0	8
739800.0	8
740100.0	8
740400.0	8
740700.0	8
741000.0	8
741300.0	8
741600.0	8
741900.0	8
742200.0	8
742500.0	8
742800.0	8
743100.0	8
743400.0	8
743700.0	8
744000.0	8
744300.0	8
744600.0	8
744900.0	8
745200.0	8
745500.0	8
745800.0	8
746100.0	8
746400.0	8
746700.0	8
747000.0	8
747300.0	8
747600.0	8
747900.0	8
748200.0	8
748500.0	8
748800.0	8
749100.0	8
749400.0	8
749700.0	8
750000.0	8
750300.0	8
750600.0	8
750900.0	8
751200.0	8
751500.0	8
751800.0	8
752100.0	8
752400.0	8
752700.0	8
753000.0	8
753300.0	8
753600.0	8
753900.0	8
754200.0	8
754500.0	8
754800.0	8
755100.0	8
755400.0	8
755700.0	8
756000.0	8
756300.0	8
756600.0	8
756900.0	8
757200.0	8
757500.0	8
757800.0	8
758100.0	8
758400.0	8
758700.0	8
759000.0	8
759300.0	8
759600.0	8.0
759900.0	7.9
760200.0	7.9
760500.0	7.8
760800.0	7.8
761100.0	7.7
761400.0	7.6
761700.0	7.6
762000.0	7.5
762300.0	7.5
762600.0	7.4
762900.0	7.3
763200.0	7.3
763500.0	7.2
763800.0	7.2
764100.0	7.1
764400.0	7.0
764700.0	7.0
765000.0	6.9
765300.0	6.9
765600.0	6.8
765900.0	6.7
766200.0	6.7
766500.0	6.6
766800.0	6.6
767100.0	6.5
767400.0	6.4
767700.0	6.4
768000.0	6.3
768300.0	6.3
768600.0	6.2
768900.0	6.1
769200.0	6.1
769500.0	6.0
769800.0	6.0
770100.0	5.9
770400.0	5.8
770700.0	5.8
771000.0	5.7
771300.0	5.7
771600.0	5.6
771900.0	5.5
772200.0	5.5
772500.0	5.4
772800.0	5.4
773100.0	5.3
773400.0	5.2
773700.0	5.2
774000.0	5.1
774300.0	5.1
774600.0	5.0
774900.0	4.9
775200.0	4.9
775500.0	4.8
775800.0	4.8
776100.0	4.7
776400.0	4.6
776700.0	4.6
777000.0	4.5
777300.0	4.5
777600.0	4.4
777900.0	4.3
778200.0	4.3
778500.0	4.2
778800.0	4.2
779100.0	4.1
779400.0	4.0
779700.0	4.0
780000.0	3.9
780300.0	3.8
780600.0	3.8
780900.0	3.7
781200.0	3.7
781500.0	3.6
781800.0	3.5
782100.0	3.5
782400.0	3.4
782700.0	3.4
783000.0	3.3
783300.0	3.2
783600.0	3.2
783900.0	3.1
784200.0	3.1
784500.0	3.0
784800.0	2.9
785100.0	2.9
785400.0	2.8
785700.0	2.8
786000.0	2.7
786300.0	2.6
786600.0	2.6
786900.0	2.5
787200.0	2.5
787500.0	2.4
787800.0	2.3
788100.0	2.3
788400.0	2.2
788700.0	2.2
789000.0	2.1
789300.0	2.0
789600.0	2.0
789900.0	1.9
790200.0	1.9
790500.0	1.8
790800.0	1.7
791100.0	1.7
791400.0	1.6
791700.0	1.6
792000.0	1.5
792300.0	1.4
792600.0	1.4
792900.0	1.3
793200.0	1.3
793500.0	1.2
793800.0	1.1
794100.0	1.1
794400.0	1.0
794700.0	1.0
795000.0	0.9
795300.0	0.8
795600.0	0.8
795900.0	0.7
796200.0	0.7
796500.0	0.6
796800.0	0.5
797100.0	0.5
797400.0	0.4
797700.0	0.4
798000.0	0.3
798300.0	0.2
798600.0	0.2
798900.0	0.1
799200.0	0.1
799500.0	0.0
799800.0	0
800100.0	0
800400.0	0
800700.0	0
801000.0	0
801300.0	0
801600.0	0
801900.0	0
802200.0	0
802500.0	0
802800.0	0
803100.0	0
803400.0	0
803700.0	0
804000.0	0
804300.0	0
804600.0	0
804900.0	0
805200.0	0
805500.0	0
805800.0	0
806100.0	0
806400.0	0
806700.0	0
807000.0	0
807300.0	0
807600.0	0
807900.0	0
808200.0	0
808500.0	0
808800.0	0
809100.0	0
809400.0	0
809700.0	0
810000.0	0
810300.0	0
810600.0	0
810900.0	0
811200.0	0
811500.0	0
811800.0	0
812100.0	0
812400.0	0
812700.0	0
813000.0	0
813300.0	0
813600.0	0
813900.0	0
814200.0	0
814500.0	0
814800.0	0
815100.0	0
815400.0	0
815700.0	0
816000.0	0
816300.0	0
816600.0	0
816900.0	0
817200.0	0
817500.0	0
817800.0	0
818100.0	0
818400.0	0
818700.0	0
819000.0	0
819300.0	0
819600.0	0
819900.0	0
820200.0	0
820500.0	0
820800.0	0
821100.0	0
821400.0	0
821700.0	0
822000.0	0
822300.0	0
822600.0	0
822900.0	0
823200.0	0
823500.0	0
823800.0	0
824100.0	0
824400.0	0
824700.0	0
825000.0	0
825300.0	0
825600.0	0
825900.0	0
826200.0	0
826500.0	0
826800.0	0
827100.0	0
827400.0	0
827700.0	0
828000.0	0
828300.0	0
828600.0	0
828900.0	0
829200.0	0
829500.0	0
829800.0	0
830100.0	0
830400.0	0
830700.0	0
831000.0	0
831300.0	0
831600.0	0
831900.0	0
832200.0	0
832500.0	0
832800.0	0
833100.0	0
833400.0	0
833700.0	0
834000.0	0
834300.0	0
834600.0	0
834900.0	0
835200.0	0
835500.0	0
835800.0	0
836100.0	0
836400.0	0
836700.0	0
837000.0	0
837300.0	0
837600.0	0
837900.0	0
838200.0	0
838500.0	0
838800.0	0
839100.0	0
839400.0	0
839700.0	0
840000.0	0
840300.0	0
840600.0	0
840900.0	0
841200.0	0
841500.0	0
841800.0	0
842100.0	0
842400.0	0
842700.0	0
843000.0	0
843300.0	0
843600.0	0
843900.0	0
844200.0	0
844500.0	0
844800.0	0
845100.0	0
845400.0	0
845700.0	0
846000.0	0
846300.0	0
846600.0	0
846900.0	0
847200.0	0
847500.0	0
847800.0	0
848100.0	0
848400.0	0
848700.0	0
849000.0	0
849300.0	0
849600.0	0
849900.0	0
850200.0	0
850500.0	0
850800.0	0
851100.0	0
851400.0	0
851700.0	0
852000.0	0
852300.0	0
852600.0	0
852900.0	0
853200.0	0
853500.0	0
853800.0	0
854100.0	0
854400.0	0
854700.0	0
855000.0	0
855300.0	0
855600.0	0
855900.0	0
856200.0	0
856500.0	0
856800.0	0
857100.0	0
857400.0	0
857700.0	0
858000.0	0
858300.0	0
858600.0	0
858900.0	0
859200.0	0
859500.0	0
859800.0	0
860100.0	0
860400.0	0
860700.0	0
861000.0	0
861300.0	0
861600.0	0
861900.0	0
862200.0	0
862500.0	0
862800.0	0
863100.0	0
863400.0	0
863700.0	0
864000.0	0
864300.0	0
864600.0	0
864900.0	0
865200.0	0
865500.0	0
865800.0	0
866100.0	0
866400.0	0
866700.0	0
867000.0	0
867300.0	0
867600.0	0
867900.0	0
868200.0	0
868500.0	0
868800.0	0
869100.0	0
869400.0	0
869700.0	0
870000.0	0
870300.0	0
870600.0	0
870900.0	0
871200.0	0
871500.0	0
871800.0	0
872100.0	0
872400.0	0
872700.0	0
873000.0	0
873300.0	0
873600.0	0
873900.0	0
874200.0	0
874500.0	0
874800.0	0
875100.0	0
875400.0	0
875700.0	0
876000.0	0
876300.0	0
876600.0	0
876900.0	0
877200.0	0
877500.0	0
877800.0	0
878100.0	0
878400.0	0
878700.0	0
879000.0	0
879300.0	0
879600.0	0
879900.0	0
880200.0	0
880500.0	0
880800.0	0
881100.0	0
881400.0	0
881700.0	0
882000.0	0
882300.0	0
882600.0	0
882900.0	0
883200.0	0
883500.0	0
883800.0	0
884100.0	0
884400.0	0
884700.0	0
885000.0	0
885300.0	0
885600.0	0
885900.0	0
886200.0	0
886500.0	0
886800.0	0
887100.0	0
887400.0	0
887700.0	0
888000.0	0
888300.0	0
888600.0	0
888900.0	0
889200.0	0
889500.0	0
889800.0	0
890100.0	0
890400.0	0
890700.0	0
891000.0	0
891300.0	0
891600.0	0
891900.0	0
892200.0	0
892500.0	0
892800.0	0
893100.0	0
893400.0	0
893700.0	0
894000.0	0
894300.0	0
894600.0	0
894900.0	0
895200.0	0
895500.0	0
895800.0	0
896100.0	0
896400.0	0
896700.0	0
897000.0	0
897300.0	0
897600.0	0
897900.0	0
898200.0	0
898500.0	0
898800.0	0
899100.0	0
899400.0	0
899700.0	0
900000.0	0
900300.0	0
900600.0	0
900900.0	0
901200.0	0
901500.0	0
901800.0	0
902100.0	0
902400.0	0
902700.0	0
903000.0	0
903300.0	0
903600.0	0
903900.0	0
904200.0	0
904500.0	0
904800.0	0
905100.0	0
905400.0	0
905700.0	0
906000.0	0
906300.0	0
906600.0	0
906900.0	0
907200.0	0
907500.0	0
907800.0	0
908100.0	0
908400.0	0
908700.0	0
909000.0	0
909300.0	0
909600.0	0
909900.0	0
910200.0	0
910500.0	0
910800.0	0
911100.0	0
911400.0	0
911700.0	0
912000.0	0
912300.0	0
912600.0	0
912900.0	0
913200.0	0
913500.0	0
913800.0	0
914100.0	0
914400.0	0
914700.0	0
915000.0	0
915300.0	0
915600.0	0
915900.0	0
916200.0	0
916500.0	0
916800.0	0
917100.0	0
917400.0	0
917700.0	0
918000.0	0
918300.0	0
918600.0	0
918900.0	0
919200.0	0
919500.0	0
919800.0	0
920100.0	0
920400.0	0
920700.0	0
921000.0	0
921300.0	0
921600.0	0
921900.0	0
922200.0	0
922500.0	0
922800.0	0
923100.0	0
923400.0	0
923700.0	0
924000.0	0
924300.0	0
924600.0	0
924900.0	0
925200.0	0
925500.0	0
925800.0	0
926100.0	0
926400.0	0
926700.0	0
927000.0	0
927300.0	0
927600.0	0
927900.0	0
928200.0	0
928500.0	0
928800.0	0
929100.0	0
929400.0	0
929700.0	0
930000.0	0
930300.0	0
930600.0	0
930900.0	0
931200.0	0
931500.0	0
931800.0	0
932100.0	0
932400.0	0
932700.0	0
933000.0	0
933300.0	0
933600.0	0
933900.0	0
934200.0	0
934500.0	0
934800.0	0
935100.0	0
935400.0	0
935700.0	0
936000.0	0
936300.0	0
936600.0	0
936900.0	0
937200.0	0
937500.0	0
937800.0	0
938100.0	0
938400.0	0
938700.0	0
939000.0	0
939300.0	0
939600.0	0
939900.0	0
940200.0	0
940500.0	0
940800.0	0
941100.0	0
941400.0	0
941700.0	0
942000.0	0
942300.0	0
942600.0	0
942900.0	0
943200.0	0
943500.0	0
943800.0	0
944100.0	0
944400.0	0
944700.0	0
945000.0	0
945300.0	0
945600.0	0
945900.0	0
946200.0	0
946500.0	0
946800.0	0
947100.0	0
947400.0	0
947700.0	0
948000.0	0
948300.0	0
948600.0	0
948900.0	0
949200.0	0
949500.0	0
949800.0	0
950100.0	0
950400.0	0
950700.0	0
951000.0	0
951300.0	0
951600.0	0
951900.0	0
952200.0	0
952500.0	0
952800.0	0
953100.0	0
953400.0	0
953700.0	0
954000.0	0
954300.0	0
954600.0	0
954900.0	0
955200.0	0
955500.0	0
955800.0	0
956100.0	0
956400.0	0
956700.0	0
957000.0	0
957300.0	0
957600.0	0
957900.0	0
958200.0	0
958500.0	0
958800.0	0
959100.0	0
959400.0	0.0
959700.0	0.0
960000.0	0.0
960300.0	0.0
960600.0	0.0
960900.0	0.0
961200.0	0.0
961500.0	0.0
961800.0	0.0
962100.0	0.0
962400.0	0.0
962700.0	0.0
963000.0	0.0
963300.0	0.0
963600.0	0.0
963900.0	0.0
964200.0	0.0
964500.0	0.0
964800.0	0.0
965100.0	0.0
965400.0	0.0
965700.0	0.0
966000.0	0.0
966300.0	0.0
966600.0	0.0
966900.0	0.0
967200.0	0.0
967500.0	0.0
967800.0	0.0
968100.0	0.0
968400.0	0.0
968700.0	0.0
969000.0	0.0
969300.0	0.0
969600.0	0.0
969900.0	0.0
970200.0	0.0
970500.0	0.0
970800.0	0.0
971100.0	0.0
971400.0	0.0
971700.0	0.0
972000.0	0.0
972300.0	0.0
972600.0	0.0
972900.0	0.0
973200.0	0.0
973500.0	0.0
973800.0	0.0
974100.0	0.0
974400.0	0.0
974700.0	0.0
975000.0	0.0
975300.0	0.0
975600.0	0.0
975900.0	0.0
976200.0	0.0
976500.0	0.0
976800.0	0.0
977100.0	0.0
977400.0	0.0
977700.0	0.0
978000.0	0.0
978300.0	0.0
978600.0	0.0
978900.0	0.0
979200.0	0.0
979500.0	0.0
979800.0	0.0
980100.0	0.0
980400.0	0.0
980700.0	0.0
981000.0	0.0
981300.0	0.0
981600.0	0.0
981900.0	0.0
982200.0	0.0
982500.0	0.0
982800.0	0.0
983100.0	0.0
983400.0	0.0
983700.0	0.0
984000.0	0.0
984300.0	0.0
984600.0	0.0
984900.0	0.0
985200.0	0.0
985500.0	0.0
985800.0	0.0
986100.0	0.0
986400.0	0.0
986700.0	0.0
987000.0	0.0
987300.0	0.0
987600.0	0.0
987900.0	0.0
988200.0	0.0
988500.0	0.0
988800.0	0.0
989100.0	0.0
989400.0	0.0
989700.0	0.0
990000.0	0.0
990300.0	0.0
990600.0	0.0
990900.0	0.0
991200.0	0.0
991500.0	0.0
991800.0	0.0
992100.0	0.0
992400.0	0.0
992700.0	0.0
993000.0	0.0
993300.0	0.0
993600.0	0.0
993900.0	0.0
994200.0	0.0
994500.0	0.0
994800.0	0.0
995100.0	0.0
995400.0	0.0
995700.0	0.0
996000.0	0.0
996300.0	0.0
996600.0	0.0
996900.0	0.0
997200.0	0.0
997500.0	0.0
997800.0	0.0
998100.0	0.0
998400.0	0.0
998700.0	0.0
999000.0	0
999300.0	0
999600.0	0
